296,2024,0,255,0,0
296,2024,5,255,0,0
296,2024,10,255,0,0
296,2024,15,255,0,0
296,2024,20,255,0,0
296,2024,25,255,0,0
296,2024,30,255,0,0
296,2024,35,255,0,0
296,2024,40,255,0,0
296,2024,45,255,0,0
296,2024,50,255,0,0
296,2024,55,255,0,0
296,2024,60,255,0,0
296,2024,65,255,0,0
296,2024,70,255,0,0
296,2024,75,255,0,0
296,2024,80,255,0,0
296,2024,85,255,0,0
296,2024,90,255,0,0
296,2024,95,255,0,0
296,2024,100,255,0,0
296,2024,105,255,0,0
296,2024,110,255,0,0
296,2024,115,255,0,0
296,2024,120,255,0,0
296,2024,125,255,0,0
296,2024,130,255,0,0
296,2024,135,255,0,0
296,2024,140,255,0,0
296,2024,145,255,0,0
296,2024,150,255,0,0
296,2024,155,255,0,0
296,2024,160,255,0,0
296,2024,165,255,0,0
296,2024,170,255,0,0
296,2024,175,255,0,0
296,2024,180,255,0,0
296,2024,185,255,0,0
296,2024,190,255,0,0
296,2024,195,255,0,0
296,2024,200,255,0,0
296,2024,205,255,0,0
296,2024,210,255,0,0
296,2024,215,255,0,0
296,2024,220,255,0,0
296,2024,225,255,0,0
296,2024,230,255,0,0
296,2024,235,255,0,0
296,2024,240,255,0,0
296,2024,245,255,0,0
296,2024,250,255,0,0
296,2024,255,255,0,0
296,2024,260,255,0,0
296,2024,265,255,0,0
296,2024,270,255,0,0
296,2024,275,255,0,0
296,2024,280,255,0,0
296,2024,285,255,0,0
296,2024,290,255,0,0
296,2024,295,255,0,0
296,2024,300,255,0,0
296,2024,305,255,0,0
296,2024,310,255,0,0
296,2024,315,255,0,0
296,2024,320,255,0,0
296,2024,325,255,0,0
296,2024,330,255,0,0
296,2024,335,255,0,0
296,2024,340,255,0,0
296,2024,345,255,0,0
296,2024,350,255,0,0
296,2024,355,255,0,0
296,2024,360,255,0,0
296,2024,365,255,0,0
296,2024,370,255,0,0
296,2024,375,255,0,0
296,2024,380,255,0,0
296,2024,385,255,0,0
296,2024,390,255,0,0
296,2024,395,255,0,0
296,2024,400,255,0,0
296,2024,405,255,0,0
296,2024,410,255,0,0
296,2024,415,255,0,0
296,2024,420,255,0,0
296,2024,425,255,0,0
296,2024,430,255,0,0
296,2024,435,255,0,0
296,2024,440,255,0,0
296,2024,445,255,0,0
296,2024,450,255,0,0
296,2024,455,255,0,0
296,2024,460,255,0,0
296,2024,465,255,0,0
296,2024,470,255,0,0
296,2024,475,255,0,0
296,2024,480,255,0,0
296,2024,485,255,0,0
296,2024,490,255,0,0
296,2024,495,255,0,0
272,2114,0,255,0,0
272,2114,5,255,0,0
272,2114,10,255,0,0
272,2114,15,255,0,0
272,2114,20,255,0,0
272,2114,25,255,0,0
272,2114,30,255,0,0
272,2114,35,255,0,0
272,2114,40,255,0,0
272,2114,45,255,0,0
272,2114,50,255,0,0
272,2114,55,255,0,0
272,2114,60,255,0,0
272,2114,65,255,0,0
272,2114,70,255,0,0
272,2114,75,255,0,0
272,2114,80,255,0,0
272,2114,85,255,0,0
272,2114,90,255,0,0
272,2114,95,255,0,0
272,2114,100,255,0,0
272,2114,105,255,0,0
272,2114,110,255,0,0
272,2114,115,255,0,0
272,2114,120,255,0,0
272,2114,125,255,0,0
272,2114,130,255,0,0
272,2114,135,255,0,0
272,2114,140,255,0,0
272,2114,145,255,0,0
272,2114,150,255,0,0
272,2114,155,255,0,0
272,2114,160,255,0,0
272,2114,165,255,0,0
272,2114,170,255,0,0
272,2114,175,255,0,0
272,2114,180,255,0,0
272,2114,185,255,0,0
272,2114,190,255,0,0
272,2114,195,255,0,0
272,2114,200,255,0,0
272,2114,205,255,0,0
272,2114,210,255,0,0
272,2114,215,255,0,0
272,2114,220,255,0,0
272,2114,225,255,0,0
272,2114,230,255,0,0
272,2114,235,255,0,0
272,2114,240,255,0,0
272,2114,245,255,0,0
272,2114,250,255,0,0
272,2114,255,255,0,0
272,2114,260,255,0,0
272,2114,265,255,0,0
272,2114,270,255,0,0
272,2114,275,255,0,0
272,2114,280,255,0,0
272,2114,285,255,0,0
272,2114,290,255,0,0
272,2114,295,255,0,0
272,2114,300,255,0,0
272,2114,305,255,0,0
272,2114,310,255,0,0
272,2114,315,255,0,0
272,2114,320,255,0,0
272,2114,325,255,0,0
272,2114,330,255,0,0
272,2114,335,255,0,0
272,2114,340,255,0,0
272,2114,345,255,0,0
272,2114,350,255,0,0
272,2114,355,255,0,0
272,2114,360,255,0,0
272,2114,365,255,0,0
272,2114,370,255,0,0
272,2114,375,255,0,0
272,2114,380,255,0,0
272,2114,385,255,0,0
272,2114,390,255,0,0
272,2114,395,255,0,0
272,2114,400,255,0,0
272,2114,405,255,0,0
272,2114,410,255,0,0
272,2114,415,255,0,0
272,2114,420,255,0,0
272,2114,425,255,0,0
272,2114,430,255,0,0
272,2114,435,255,0,0
272,2114,440,255,0,0
272,2114,445,255,0,0
272,2114,450,255,0,0
272,2114,455,255,0,0
272,2114,460,255,0,0
272,2114,465,255,0,0
272,2114,470,255,0,0
272,2114,475,255,0,0
272,2114,480,255,0,0
272,2114,485,255,0,0
272,2114,490,255,0,0
272,2114,495,255,0,0
342,2864,0,255,0,0
342,2864,5,255,0,0
342,2864,10,255,0,0
342,2864,15,255,0,0
342,2864,20,255,0,0
342,2864,25,255,0,0
342,2864,30,255,0,0
342,2864,35,255,0,0
342,2864,40,255,0,0
342,2864,45,255,0,0
342,2864,50,255,0,0
342,2864,55,255,0,0
342,2864,60,255,0,0
342,2864,65,255,0,0
342,2864,70,255,0,0
342,2864,75,255,0,0
342,2864,80,255,0,0
342,2864,85,255,0,0
342,2864,90,255,0,0
342,2864,95,255,0,0
342,2864,100,255,0,0
342,2864,105,255,0,0
342,2864,110,255,0,0
342,2864,115,255,0,0
342,2864,120,255,0,0
342,2864,125,255,0,0
342,2864,130,255,0,0
342,2864,135,255,0,0
342,2864,140,255,0,0
342,2864,145,255,0,0
342,2864,150,255,0,0
342,2864,155,255,0,0
342,2864,160,255,0,0
342,2864,165,255,0,0
342,2864,170,255,0,0
342,2864,175,255,0,0
342,2864,180,255,0,0
342,2864,185,255,0,0
342,2864,190,255,0,0
342,2864,195,255,0,0
342,2864,200,255,0,0
342,2864,205,255,0,0
342,2864,210,255,0,0
342,2864,215,255,0,0
342,2864,220,255,0,0
342,2864,225,255,0,0
342,2864,230,255,0,0
342,2864,235,255,0,0
342,2864,240,255,0,0
342,2864,245,255,0,0
342,2864,250,255,0,0
342,2864,255,255,0,0
342,2864,260,255,0,0
342,2864,265,255,0,0
342,2864,270,255,0,0
342,2864,275,255,0,0
342,2864,280,255,0,0
342,2864,285,255,0,0
342,2864,290,255,0,0
342,2864,295,255,0,0
342,2864,300,255,0,0
342,2864,305,255,0,0
342,2864,310,255,0,0
342,2864,315,255,0,0
342,2864,320,255,0,0
342,2864,325,255,0,0
342,2864,330,255,0,0
342,2864,335,255,0,0
342,2864,340,255,0,0
342,2864,345,255,0,0
342,2864,350,255,0,0
342,2864,355,255,0,0
342,2864,360,255,0,0
342,2864,365,255,0,0
342,2864,370,255,0,0
342,2864,375,255,0,0
342,2864,380,255,0,0
342,2864,385,255,0,0
342,2864,390,255,0,0
342,2864,395,255,0,0
342,2864,400,255,0,0
342,2864,405,255,0,0
342,2864,410,255,0,0
342,2864,415,255,0,0
342,2864,420,255,0,0
342,2864,425,255,0,0
342,2864,430,255,0,0
342,2864,435,255,0,0
342,2864,440,255,0,0
342,2864,445,255,0,0
342,2864,450,255,0,0
342,2864,455,255,0,0
342,2864,460,255,0,0
342,2864,465,255,0,0
342,2864,470,255,0,0
342,2864,475,255,0,0
342,2864,480,255,0,0
342,2864,485,255,0,0
342,2864,490,255,0,0
342,2864,495,255,0,0
350,820,0,255,0,0
350,820,5,255,0,0
350,820,10,255,0,0
350,820,15,255,0,0
350,820,20,255,0,0
350,820,25,255,0,0
350,820,30,255,0,0
350,820,35,255,0,0
350,820,40,255,0,0
350,820,45,255,0,0
350,820,50,255,0,0
350,820,55,255,0,0
350,820,60,255,0,0
350,820,65,255,0,0
350,820,70,255,0,0
350,820,75,255,0,0
350,820,80,255,0,0
350,820,85,255,0,0
350,820,90,255,0,0
350,820,95,255,0,0
350,820,100,255,0,0
350,820,105,255,0,0
350,820,110,255,0,0
350,820,115,255,0,0
350,820,120,255,0,0
350,820,125,255,0,0
350,820,130,255,0,0
350,820,135,255,0,0
350,820,140,255,0,0
350,820,145,255,0,0
350,820,150,255,0,0
350,820,155,255,0,0
350,820,160,255,0,0
350,820,165,255,0,0
350,820,170,255,0,0
350,820,175,255,0,0
350,820,180,255,0,0
350,820,185,255,0,0
350,820,190,255,0,0
350,820,195,255,0,0
350,820,200,255,0,0
350,820,205,255,0,0
350,820,210,255,0,0
350,820,215,255,0,0
350,820,220,255,0,0
350,820,225,255,0,0
350,820,230,255,0,0
350,820,235,255,0,0
350,820,240,255,0,0
350,820,245,255,0,0
350,820,250,255,0,0
350,820,255,255,0,0
350,820,260,255,0,0
350,820,265,255,0,0
350,820,270,255,0,0
350,820,275,255,0,0
350,820,280,255,0,0
350,820,285,255,0,0
350,820,290,255,0,0
350,820,295,255,0,0
350,820,300,255,0,0
350,820,305,255,0,0
350,820,310,255,0,0
350,820,315,255,0,0
350,820,320,255,0,0
350,820,325,255,0,0
350,820,330,255,0,0
350,820,335,255,0,0
350,820,340,255,0,0
350,820,345,255,0,0
350,820,350,255,0,0
350,820,355,255,0,0
350,820,360,255,0,0
350,820,365,255,0,0
350,820,370,255,0,0
350,820,375,255,0,0
350,820,380,255,0,0
350,820,385,255,0,0
350,820,390,255,0,0
350,820,395,255,0,0
350,820,400,255,0,0
350,820,405,255,0,0
350,820,410,255,0,0
350,820,415,255,0,0
350,820,420,255,0,0
350,820,425,255,0,0
350,820,430,255,0,0
350,820,435,255,0,0
350,820,440,255,0,0
350,820,445,255,0,0
350,820,450,255,0,0
350,820,455,255,0,0
350,820,460,255,0,0
350,820,465,255,0,0
350,820,470,255,0,0
350,820,475,255,0,0
350,820,480,255,0,0
350,820,485,255,0,0
350,820,490,255,0,0
350,820,495,255,0,0
411,2179,0,255,0,0
411,2179,5,255,0,0
411,2179,10,255,0,0
411,2179,15,255,0,0
411,2179,20,255,0,0
411,2179,25,255,0,0
411,2179,30,255,0,0
411,2179,35,255,0,0
411,2179,40,255,0,0
411,2179,45,255,0,0
411,2179,50,255,0,0
411,2179,55,255,0,0
411,2179,60,255,0,0
411,2179,65,255,0,0
411,2179,70,255,0,0
411,2179,75,255,0,0
411,2179,80,255,0,0
411,2179,85,255,0,0
411,2179,90,255,0,0
411,2179,95,255,0,0
411,2179,100,255,0,0
411,2179,105,255,0,0
411,2179,110,255,0,0
411,2179,115,255,0,0
411,2179,120,255,0,0
411,2179,125,255,0,0
411,2179,130,255,0,0
411,2179,135,255,0,0
411,2179,140,255,0,0
411,2179,145,255,0,0
411,2179,150,255,0,0
411,2179,155,255,0,0
411,2179,160,255,0,0
411,2179,165,255,0,0
411,2179,170,255,0,0
411,2179,175,255,0,0
411,2179,180,255,0,0
411,2179,185,255,0,0
411,2179,190,255,0,0
411,2179,195,255,0,0
411,2179,200,255,0,0
411,2179,205,255,0,0
411,2179,210,255,0,0
411,2179,215,255,0,0
411,2179,220,255,0,0
411,2179,225,255,0,0
411,2179,230,255,0,0
411,2179,235,255,0,0
411,2179,240,255,0,0
411,2179,245,255,0,0
411,2179,250,255,0,0
411,2179,255,255,0,0
411,2179,260,255,0,0
411,2179,265,255,0,0
411,2179,270,255,0,0
411,2179,275,255,0,0
411,2179,280,255,0,0
411,2179,285,255,0,0
411,2179,290,255,0,0
411,2179,295,255,0,0
411,2179,300,255,0,0
411,2179,305,255,0,0
411,2179,310,255,0,0
411,2179,315,255,0,0
411,2179,320,255,0,0
411,2179,325,255,0,0
411,2179,330,255,0,0
411,2179,335,255,0,0
411,2179,340,255,0,0
411,2179,345,255,0,0
411,2179,350,255,0,0
411,2179,355,255,0,0
411,2179,360,255,0,0
411,2179,365,255,0,0
411,2179,370,255,0,0
411,2179,375,255,0,0
411,2179,380,255,0,0
411,2179,385,255,0,0
411,2179,390,255,0,0
411,2179,395,255,0,0
411,2179,400,255,0,0
411,2179,405,255,0,0
411,2179,410,255,0,0
411,2179,415,255,0,0
411,2179,420,255,0,0
411,2179,425,255,0,0
411,2179,430,255,0,0
411,2179,435,255,0,0
411,2179,440,255,0,0
411,2179,445,255,0,0
411,2179,450,255,0,0
411,2179,455,255,0,0
411,2179,460,255,0,0
411,2179,465,255,0,0
411,2179,470,255,0,0
411,2179,475,255,0,0
411,2179,480,255,0,0
411,2179,485,255,0,0
411,2179,490,255,0,0
411,2179,495,255,0,0
437,902,0,255,0,0
437,902,5,255,0,0
437,902,10,255,0,0
437,902,15,255,0,0
437,902,20,255,0,0
437,902,25,255,0,0
437,902,30,255,0,0
437,902,35,255,0,0
437,902,40,255,0,0
437,902,45,255,0,0
437,902,50,255,0,0
437,902,55,255,0,0
437,902,60,255,0,0
437,902,65,255,0,0
437,902,70,255,0,0
437,902,75,255,0,0
437,902,80,255,0,0
437,902,85,255,0,0
437,902,90,255,0,0
437,902,95,255,0,0
437,902,100,255,0,0
437,902,105,255,0,0
437,902,110,255,0,0
437,902,115,255,0,0
437,902,120,255,0,0
437,902,125,255,0,0
437,902,130,255,0,0
437,902,135,255,0,0
437,902,140,255,0,0
437,902,145,255,0,0
437,902,150,255,0,0
437,902,155,255,0,0
437,902,160,255,0,0
437,902,165,255,0,0
437,902,170,255,0,0
437,902,175,255,0,0
437,902,180,255,0,0
437,902,185,255,0,0
437,902,190,255,0,0
437,902,195,255,0,0
437,902,200,255,0,0
437,902,205,255,0,0
437,902,210,255,0,0
437,902,215,255,0,0
437,902,220,255,0,0
437,902,225,255,0,0
437,902,230,255,0,0
437,902,235,255,0,0
437,902,240,255,0,0
437,902,245,255,0,0
437,902,250,255,0,0
437,902,255,255,0,0
437,902,260,255,0,0
437,902,265,255,0,0
437,902,270,255,0,0
437,902,275,255,0,0
437,902,280,255,0,0
437,902,285,255,0,0
437,902,290,255,0,0
437,902,295,255,0,0
437,902,300,255,0,0
437,902,305,255,0,0
437,902,310,255,0,0
437,902,315,255,0,0
437,902,320,255,0,0
437,902,325,255,0,0
437,902,330,255,0,0
437,902,335,255,0,0
437,902,340,255,0,0
437,902,345,255,0,0
437,902,350,255,0,0
437,902,355,255,0,0
437,902,360,255,0,0
437,902,365,255,0,0
437,902,370,255,0,0
437,902,375,255,0,0
437,902,380,255,0,0
437,902,385,255,0,0
437,902,390,255,0,0
437,902,395,255,0,0
437,902,400,255,0,0
437,902,405,255,0,0
437,902,410,255,0,0
437,902,415,255,0,0
437,902,420,255,0,0
437,902,425,255,0,0
437,902,430,255,0,0
437,902,435,255,0,0
437,902,440,255,0,0
437,902,445,255,0,0
437,902,450,255,0,0
437,902,455,255,0,0
437,902,460,255,0,0
437,902,465,255,0,0
437,902,470,255,0,0
437,902,475,255,0,0
437,902,480,255,0,0
437,902,485,255,0,0
437,902,490,255,0,0
437,902,495,255,0,0
286,2023,500,255,0,0
286,2023,505,255,0,0
286,2023,510,255,0,0
286,2023,515,255,0,0
286,2023,520,255,0,0
286,2023,525,255,0,0
286,2023,530,255,0,0
286,2023,535,255,0,0
286,2023,540,255,0,0
286,2023,545,255,0,0
286,2023,550,255,0,0
286,2023,555,255,0,0
286,2023,560,255,0,0
286,2023,565,255,0,0
286,2023,570,255,0,0
286,2023,575,255,0,0
286,2023,580,255,0,0
286,2023,585,255,0,0
286,2023,590,255,0,0
286,2023,595,255,0,0
286,2023,600,255,0,0
286,2023,605,255,0,0
286,2023,610,255,0,0
286,2023,615,255,0,0
286,2023,620,255,0,0
286,2023,625,255,0,0
286,2023,630,255,0,0
286,2023,635,255,0,0
286,2023,640,255,0,0
286,2023,645,255,0,0
286,2023,650,255,0,0
286,2023,655,255,0,0
286,2023,660,255,0,0
286,2023,665,255,0,0
286,2023,670,255,0,0
286,2023,675,255,0,0
286,2023,680,255,0,0
286,2023,685,255,0,0
286,2023,690,255,0,0
286,2023,695,255,0,0
286,2023,700,255,0,0
286,2023,705,255,0,0
286,2023,710,255,0,0
286,2023,715,255,0,0
286,2023,720,255,0,0
286,2023,725,255,0,0
286,2023,730,255,0,0
286,2023,735,255,0,0
286,2023,740,255,0,0
286,2023,745,255,0,0
286,2023,750,255,0,0
286,2023,755,255,0,0
286,2023,760,255,0,0
286,2023,765,255,0,0
286,2023,770,255,0,0
286,2023,775,255,0,0
286,2023,780,255,0,0
286,2023,785,255,0,0
286,2023,790,255,0,0
286,2023,795,255,0,0
286,2023,800,255,0,0
286,2023,805,255,0,0
286,2023,810,255,0,0
286,2023,815,255,0,0
286,2023,820,255,0,0
286,2023,825,255,0,0
286,2023,830,255,0,0
286,2023,835,255,0,0
286,2023,840,255,0,0
286,2023,845,255,0,0
286,2023,850,255,0,0
286,2023,855,255,0,0
286,2023,860,255,0,0
286,2023,865,255,0,0
286,2023,870,255,0,0
286,2023,875,255,0,0
286,2023,880,255,0,0
286,2023,885,255,0,0
286,2023,890,255,0,0
286,2023,895,255,0,0
286,2023,900,255,0,0
286,2023,905,255,0,0
286,2023,910,255,0,0
286,2023,915,255,0,0
286,2023,920,255,0,0
286,2023,925,255,0,0
286,2023,930,255,0,0
286,2023,935,255,0,0
286,2023,940,255,0,0
286,2023,945,255,0,0
286,2023,950,255,0,0
286,2023,955,255,0,0
286,2023,960,255,0,0
286,2023,965,255,0,0
286,2023,970,255,0,0
286,2023,975,255,0,0
286,2023,980,255,0,0
286,2023,985,255,0,0
286,2023,990,255,0,0
286,2023,995,255,0,0
272,2114,500,255,0,0
272,2114,505,255,0,0
272,2114,510,255,0,0
272,2114,515,255,0,0
272,2114,520,255,0,0
272,2114,525,255,0,0
272,2114,530,255,0,0
272,2114,535,255,0,0
272,2114,540,255,0,0
272,2114,545,255,0,0
272,2114,550,255,0,0
272,2114,555,255,0,0
272,2114,560,255,0,0
272,2114,565,255,0,0
272,2114,570,255,0,0
272,2114,575,255,0,0
272,2114,580,255,0,0
272,2114,585,255,0,0
272,2114,590,255,0,0
272,2114,595,255,0,0
272,2114,600,255,0,0
272,2114,605,255,0,0
272,2114,610,255,0,0
272,2114,615,255,0,0
272,2114,620,255,0,0
272,2114,625,255,0,0
272,2114,630,255,0,0
272,2114,635,255,0,0
272,2114,640,255,0,0
272,2114,645,255,0,0
272,2114,650,255,0,0
272,2114,655,255,0,0
272,2114,660,255,0,0
272,2114,665,255,0,0
272,2114,670,255,0,0
272,2114,675,255,0,0
272,2114,680,255,0,0
272,2114,685,255,0,0
272,2114,690,255,0,0
272,2114,695,255,0,0
272,2114,700,255,0,0
272,2114,705,255,0,0
272,2114,710,255,0,0
272,2114,715,255,0,0
272,2114,720,255,0,0
272,2114,725,255,0,0
272,2114,730,255,0,0
272,2114,735,255,0,0
272,2114,740,255,0,0
272,2114,745,255,0,0
272,2114,750,255,0,0
272,2114,755,255,0,0
272,2114,760,255,0,0
272,2114,765,255,0,0
272,2114,770,255,0,0
272,2114,775,255,0,0
272,2114,780,255,0,0
272,2114,785,255,0,0
272,2114,790,255,0,0
272,2114,795,255,0,0
272,2114,800,255,0,0
272,2114,805,255,0,0
272,2114,810,255,0,0
272,2114,815,255,0,0
272,2114,820,255,0,0
272,2114,825,255,0,0
272,2114,830,255,0,0
272,2114,835,255,0,0
272,2114,840,255,0,0
272,2114,845,255,0,0
272,2114,850,255,0,0
272,2114,855,255,0,0
272,2114,860,255,0,0
272,2114,865,255,0,0
272,2114,870,255,0,0
272,2114,875,255,0,0
272,2114,880,255,0,0
272,2114,885,255,0,0
272,2114,890,255,0,0
272,2114,895,255,0,0
272,2114,900,255,0,0
272,2114,905,255,0,0
272,2114,910,255,0,0
272,2114,915,255,0,0
272,2114,920,255,0,0
272,2114,925,255,0,0
272,2114,930,255,0,0
272,2114,935,255,0,0
272,2114,940,255,0,0
272,2114,945,255,0,0
272,2114,950,255,0,0
272,2114,955,255,0,0
272,2114,960,255,0,0
272,2114,965,255,0,0
272,2114,970,255,0,0
272,2114,975,255,0,0
272,2114,980,255,0,0
272,2114,985,255,0,0
272,2114,990,255,0,0
272,2114,995,255,0,0
345,819,500,255,0,0
345,819,505,255,0,0
345,819,510,255,0,0
345,819,515,255,0,0
345,819,520,255,0,0
345,819,525,255,0,0
345,819,530,255,0,0
345,819,535,255,0,0
345,819,540,255,0,0
345,819,545,255,0,0
345,819,550,255,0,0
345,819,555,255,0,0
345,819,560,255,0,0
345,819,565,255,0,0
345,819,570,255,0,0
345,819,575,255,0,0
345,819,580,255,0,0
345,819,585,255,0,0
345,819,590,255,0,0
345,819,595,255,0,0
345,819,600,255,0,0
345,819,605,255,0,0
345,819,610,255,0,0
345,819,615,255,0,0
345,819,620,255,0,0
345,819,625,255,0,0
345,819,630,255,0,0
345,819,635,255,0,0
345,819,640,255,0,0
345,819,645,255,0,0
345,819,650,255,0,0
345,819,655,255,0,0
345,819,660,255,0,0
345,819,665,255,0,0
345,819,670,255,0,0
345,819,675,255,0,0
345,819,680,255,0,0
345,819,685,255,0,0
345,819,690,255,0,0
345,819,695,255,0,0
345,819,700,255,0,0
345,819,705,255,0,0
345,819,710,255,0,0
345,819,715,255,0,0
345,819,720,255,0,0
345,819,725,255,0,0
345,819,730,255,0,0
345,819,735,255,0,0
345,819,740,255,0,0
345,819,745,255,0,0
345,819,750,255,0,0
345,819,755,255,0,0
345,819,760,255,0,0
345,819,765,255,0,0
345,819,770,255,0,0
345,819,775,255,0,0
345,819,780,255,0,0
345,819,785,255,0,0
345,819,790,255,0,0
345,819,795,255,0,0
345,819,800,255,0,0
345,819,805,255,0,0
345,819,810,255,0,0
345,819,815,255,0,0
345,819,820,255,0,0
345,819,825,255,0,0
345,819,830,255,0,0
345,819,835,255,0,0
345,819,840,255,0,0
345,819,845,255,0,0
345,819,850,255,0,0
345,819,855,255,0,0
345,819,860,255,0,0
345,819,865,255,0,0
345,819,870,255,0,0
345,819,875,255,0,0
345,819,880,255,0,0
345,819,885,255,0,0
345,819,890,255,0,0
345,819,895,255,0,0
345,819,900,255,0,0
345,819,905,255,0,0
345,819,910,255,0,0
345,819,915,255,0,0
345,819,920,255,0,0
345,819,925,255,0,0
345,819,930,255,0,0
345,819,935,255,0,0
345,819,940,255,0,0
345,819,945,255,0,0
345,819,950,255,0,0
345,819,955,255,0,0
345,819,960,255,0,0
345,819,965,255,0,0
345,819,970,255,0,0
345,819,975,255,0,0
345,819,980,255,0,0
345,819,985,255,0,0
345,819,990,255,0,0
345,819,995,255,0,0
411,2179,500,255,0,0
411,2179,505,255,0,0
411,2179,510,255,0,0
411,2179,515,255,0,0
411,2179,520,255,0,0
411,2179,525,255,0,0
411,2179,530,255,0,0
411,2179,535,255,0,0
411,2179,540,255,0,0
411,2179,545,255,0,0
411,2179,550,255,0,0
411,2179,555,255,0,0
411,2179,560,255,0,0
411,2179,565,255,0,0
411,2179,570,255,0,0
411,2179,575,255,0,0
411,2179,580,255,0,0
411,2179,585,255,0,0
411,2179,590,255,0,0
411,2179,595,255,0,0
411,2179,600,255,0,0
411,2179,605,255,0,0
411,2179,610,255,0,0
411,2179,615,255,0,0
411,2179,620,255,0,0
411,2179,625,255,0,0
411,2179,630,255,0,0
411,2179,635,255,0,0
411,2179,640,255,0,0
411,2179,645,255,0,0
411,2179,650,255,0,0
411,2179,655,255,0,0
411,2179,660,255,0,0
411,2179,665,255,0,0
411,2179,670,255,0,0
411,2179,675,255,0,0
411,2179,680,255,0,0
411,2179,685,255,0,0
411,2179,690,255,0,0
411,2179,695,255,0,0
411,2179,700,255,0,0
411,2179,705,255,0,0
411,2179,710,255,0,0
411,2179,715,255,0,0
411,2179,720,255,0,0
411,2179,725,255,0,0
411,2179,730,255,0,0
411,2179,735,255,0,0
411,2179,740,255,0,0
411,2179,745,255,0,0
411,2179,750,255,0,0
411,2179,755,255,0,0
411,2179,760,255,0,0
411,2179,765,255,0,0
411,2179,770,255,0,0
411,2179,775,255,0,0
411,2179,780,255,0,0
411,2179,785,255,0,0
411,2179,790,255,0,0
411,2179,795,255,0,0
411,2179,800,255,0,0
411,2179,805,255,0,0
411,2179,810,255,0,0
411,2179,815,255,0,0
411,2179,820,255,0,0
411,2179,825,255,0,0
411,2179,830,255,0,0
411,2179,835,255,0,0
411,2179,840,255,0,0
411,2179,845,255,0,0
411,2179,850,255,0,0
411,2179,855,255,0,0
411,2179,860,255,0,0
411,2179,865,255,0,0
411,2179,870,255,0,0
411,2179,875,255,0,0
411,2179,880,255,0,0
411,2179,885,255,0,0
411,2179,890,255,0,0
411,2179,895,255,0,0
411,2179,900,255,0,0
411,2179,905,255,0,0
411,2179,910,255,0,0
411,2179,915,255,0,0
411,2179,920,255,0,0
411,2179,925,255,0,0
411,2179,930,255,0,0
411,2179,935,255,0,0
411,2179,940,255,0,0
411,2179,945,255,0,0
411,2179,950,255,0,0
411,2179,955,255,0,0
411,2179,960,255,0,0
411,2179,965,255,0,0
411,2179,970,255,0,0
411,2179,975,255,0,0
411,2179,980,255,0,0
411,2179,985,255,0,0
411,2179,990,255,0,0
411,2179,995,255,0,0
437,902,500,255,0,0
437,902,505,255,0,0
437,902,510,255,0,0
437,902,515,255,0,0
437,902,520,255,0,0
437,902,525,255,0,0
437,902,530,255,0,0
437,902,535,255,0,0
437,902,540,255,0,0
437,902,545,255,0,0
437,902,550,255,0,0
437,902,555,255,0,0
437,902,560,255,0,0
437,902,565,255,0,0
437,902,570,255,0,0
437,902,575,255,0,0
437,902,580,255,0,0
437,902,585,255,0,0
437,902,590,255,0,0
437,902,595,255,0,0
437,902,600,255,0,0
437,902,605,255,0,0
437,902,610,255,0,0
437,902,615,255,0,0
437,902,620,255,0,0
437,902,625,255,0,0
437,902,630,255,0,0
437,902,635,255,0,0
437,902,640,255,0,0
437,902,645,255,0,0
437,902,650,255,0,0
437,902,655,255,0,0
437,902,660,255,0,0
437,902,665,255,0,0
437,902,670,255,0,0
437,902,675,255,0,0
437,902,680,255,0,0
437,902,685,255,0,0
437,902,690,255,0,0
437,902,695,255,0,0
437,902,700,255,0,0
437,902,705,255,0,0
437,902,710,255,0,0
437,902,715,255,0,0
437,902,720,255,0,0
437,902,725,255,0,0
437,902,730,255,0,0
437,902,735,255,0,0
437,902,740,255,0,0
437,902,745,255,0,0
437,902,750,255,0,0
437,902,755,255,0,0
437,902,760,255,0,0
437,902,765,255,0,0
437,902,770,255,0,0
437,902,775,255,0,0
437,902,780,255,0,0
437,902,785,255,0,0
437,902,790,255,0,0
437,902,795,255,0,0
437,902,800,255,0,0
437,902,805,255,0,0
437,902,810,255,0,0
437,902,815,255,0,0
437,902,820,255,0,0
437,902,825,255,0,0
437,902,830,255,0,0
437,902,835,255,0,0
437,902,840,255,0,0
437,902,845,255,0,0
437,902,850,255,0,0
437,902,855,255,0,0
437,902,860,255,0,0
437,902,865,255,0,0
437,902,870,255,0,0
437,902,875,255,0,0
437,902,880,255,0,0
437,902,885,255,0,0
437,902,890,255,0,0
437,902,895,255,0,0
437,902,900,255,0,0
437,902,905,255,0,0
437,902,910,255,0,0
437,902,915,255,0,0
437,902,920,255,0,0
437,902,925,255,0,0
437,902,930,255,0,0
437,902,935,255,0,0
437,902,940,255,0,0
437,902,945,255,0,0
437,902,950,255,0,0
437,902,955,255,0,0
437,902,960,255,0,0
437,902,965,255,0,0
437,902,970,255,0,0
437,902,975,255,0,0
437,902,980,255,0,0
437,902,985,255,0,0
437,902,990,255,0,0
437,902,995,255,0,0
268,2020,1000,255,0,0
268,2020,1005,255,0,0
268,2020,1010,255,0,0
268,2020,1015,255,0,0
268,2020,1020,255,0,0
268,2020,1025,255,0,0
268,2020,1030,255,0,0
268,2020,1035,255,0,0
268,2020,1040,255,0,0
268,2020,1045,255,0,0
268,2020,1050,255,0,0
268,2020,1055,255,0,0
268,2020,1060,255,0,0
268,2020,1065,255,0,0
268,2020,1070,255,0,0
268,2020,1075,255,0,0
268,2020,1080,255,0,0
268,2020,1085,255,0,0
268,2020,1090,255,0,0
268,2020,1095,255,0,0
268,2020,1100,255,0,0
268,2020,1105,255,0,0
268,2020,1110,255,0,0
268,2020,1115,255,0,0
268,2020,1120,255,0,0
268,2020,1125,255,0,0
268,2020,1130,255,0,0
268,2020,1135,255,0,0
268,2020,1140,255,0,0
268,2020,1145,255,0,0
268,2020,1150,255,0,0
268,2020,1155,255,0,0
268,2020,1160,255,0,0
268,2020,1165,255,0,0
268,2020,1170,255,0,0
268,2020,1175,255,0,0
268,2020,1180,255,0,0
268,2020,1185,255,0,0
268,2020,1190,255,0,0
268,2020,1195,255,0,0
268,2020,1200,255,0,0
268,2020,1205,255,0,0
268,2020,1210,255,0,0
268,2020,1215,255,0,0
268,2020,1220,255,0,0
268,2020,1225,255,0,0
268,2020,1230,255,0,0
268,2020,1235,255,0,0
268,2020,1240,255,0,0
268,2020,1245,255,0,0
268,2020,1250,255,0,0
268,2020,1255,255,0,0
268,2020,1260,255,0,0
268,2020,1265,255,0,0
268,2020,1270,255,0,0
268,2020,1275,255,0,0
268,2020,1280,255,0,0
268,2020,1285,255,0,0
268,2020,1290,255,0,0
268,2020,1295,255,0,0
268,2020,1300,255,0,0
268,2020,1305,255,0,0
268,2020,1310,255,0,0
268,2020,1315,255,0,0
268,2020,1320,255,0,0
268,2020,1325,255,0,0
268,2020,1330,255,0,0
268,2020,1335,255,0,0
268,2020,1340,255,0,0
268,2020,1345,255,0,0
268,2020,1350,255,0,0
268,2020,1355,255,0,0
268,2020,1360,255,0,0
268,2020,1365,255,0,0
268,2020,1370,255,0,0
268,2020,1375,255,0,0
268,2020,1380,255,0,0
268,2020,1385,255,0,0
268,2020,1390,255,0,0
268,2020,1395,255,0,0
268,2020,1400,255,0,0
268,2020,1405,255,0,0
268,2020,1410,255,0,0
268,2020,1415,255,0,0
268,2020,1420,255,0,0
268,2020,1425,255,0,0
268,2020,1430,255,0,0
268,2020,1435,255,0,0
268,2020,1440,255,0,0
268,2020,1445,255,0,0
268,2020,1450,255,0,0
268,2020,1455,255,0,0
268,2020,1460,255,0,0
268,2020,1465,255,0,0
268,2020,1470,255,0,0
268,2020,1475,255,0,0
268,2020,1480,255,0,0
268,2020,1485,255,0,0
268,2020,1490,255,0,0
268,2020,1495,255,0,0
286,1932,1000,255,0,0
286,1932,1005,255,0,0
286,1932,1010,255,0,0
286,1932,1015,255,0,0
286,1932,1020,255,0,0
286,1932,1025,255,0,0
286,1932,1030,255,0,0
286,1932,1035,255,0,0
286,1932,1040,255,0,0
286,1932,1045,255,0,0
286,1932,1050,255,0,0
286,1932,1055,255,0,0
286,1932,1060,255,0,0
286,1932,1065,255,0,0
286,1932,1070,255,0,0
286,1932,1075,255,0,0
286,1932,1080,255,0,0
286,1932,1085,255,0,0
286,1932,1090,255,0,0
286,1932,1095,255,0,0
286,1932,1100,255,0,0
286,1932,1105,255,0,0
286,1932,1110,255,0,0
286,1932,1115,255,0,0
286,1932,1120,255,0,0
286,1932,1125,255,0,0
286,1932,1130,255,0,0
286,1932,1135,255,0,0
286,1932,1140,255,0,0
286,1932,1145,255,0,0
286,1932,1150,255,0,0
286,1932,1155,255,0,0
286,1932,1160,255,0,0
286,1932,1165,255,0,0
286,1932,1170,255,0,0
286,1932,1175,255,0,0
286,1932,1180,255,0,0
286,1932,1185,255,0,0
286,1932,1190,255,0,0
286,1932,1195,255,0,0
286,1932,1200,255,0,0
286,1932,1205,255,0,0
286,1932,1210,255,0,0
286,1932,1215,255,0,0
286,1932,1220,255,0,0
286,1932,1225,255,0,0
286,1932,1230,255,0,0
286,1932,1235,255,0,0
286,1932,1240,255,0,0
286,1932,1245,255,0,0
286,1932,1250,255,0,0
286,1932,1255,255,0,0
286,1932,1260,255,0,0
286,1932,1265,255,0,0
286,1932,1270,255,0,0
286,1932,1275,255,0,0
286,1932,1280,255,0,0
286,1932,1285,255,0,0
286,1932,1290,255,0,0
286,1932,1295,255,0,0
286,1932,1300,255,0,0
286,1932,1305,255,0,0
286,1932,1310,255,0,0
286,1932,1315,255,0,0
286,1932,1320,255,0,0
286,1932,1325,255,0,0
286,1932,1330,255,0,0
286,1932,1335,255,0,0
286,1932,1340,255,0,0
286,1932,1345,255,0,0
286,1932,1350,255,0,0
286,1932,1355,255,0,0
286,1932,1360,255,0,0
286,1932,1365,255,0,0
286,1932,1370,255,0,0
286,1932,1375,255,0,0
286,1932,1380,255,0,0
286,1932,1385,255,0,0
286,1932,1390,255,0,0
286,1932,1395,255,0,0
286,1932,1400,255,0,0
286,1932,1405,255,0,0
286,1932,1410,255,0,0
286,1932,1415,255,0,0
286,1932,1420,255,0,0
286,1932,1425,255,0,0
286,1932,1430,255,0,0
286,1932,1435,255,0,0
286,1932,1440,255,0,0
286,1932,1445,255,0,0
286,1932,1450,255,0,0
286,1932,1455,255,0,0
286,1932,1460,255,0,0
286,1932,1465,255,0,0
286,1932,1470,255,0,0
286,1932,1475,255,0,0
286,1932,1480,255,0,0
286,1932,1485,255,0,0
286,1932,1490,255,0,0
286,1932,1495,255,0,0
351,2770,1000,255,0,0
351,2770,1005,255,0,0
351,2770,1010,255,0,0
351,2770,1015,255,0,0
351,2770,1020,255,0,0
351,2770,1025,255,0,0
351,2770,1030,255,0,0
351,2770,1035,255,0,0
351,2770,1040,255,0,0
351,2770,1045,255,0,0
351,2770,1050,255,0,0
351,2770,1055,255,0,0
351,2770,1060,255,0,0
351,2770,1065,255,0,0
351,2770,1070,255,0,0
351,2770,1075,255,0,0
351,2770,1080,255,0,0
351,2770,1085,255,0,0
351,2770,1090,255,0,0
351,2770,1095,255,0,0
351,2770,1100,255,0,0
351,2770,1105,255,0,0
351,2770,1110,255,0,0
351,2770,1115,255,0,0
351,2770,1120,255,0,0
351,2770,1125,255,0,0
351,2770,1130,255,0,0
351,2770,1135,255,0,0
351,2770,1140,255,0,0
351,2770,1145,255,0,0
351,2770,1150,255,0,0
351,2770,1155,255,0,0
351,2770,1160,255,0,0
351,2770,1165,255,0,0
351,2770,1170,255,0,0
351,2770,1175,255,0,0
351,2770,1180,255,0,0
351,2770,1185,255,0,0
351,2770,1190,255,0,0
351,2770,1195,255,0,0
351,2770,1200,255,0,0
351,2770,1205,255,0,0
351,2770,1210,255,0,0
351,2770,1215,255,0,0
351,2770,1220,255,0,0
351,2770,1225,255,0,0
351,2770,1230,255,0,0
351,2770,1235,255,0,0
351,2770,1240,255,0,0
351,2770,1245,255,0,0
351,2770,1250,255,0,0
351,2770,1255,255,0,0
351,2770,1260,255,0,0
351,2770,1265,255,0,0
351,2770,1270,255,0,0
351,2770,1275,255,0,0
351,2770,1280,255,0,0
351,2770,1285,255,0,0
351,2770,1290,255,0,0
351,2770,1295,255,0,0
351,2770,1300,255,0,0
351,2770,1305,255,0,0
351,2770,1310,255,0,0
351,2770,1315,255,0,0
351,2770,1320,255,0,0
351,2770,1325,255,0,0
351,2770,1330,255,0,0
351,2770,1335,255,0,0
351,2770,1340,255,0,0
351,2770,1345,255,0,0
351,2770,1350,255,0,0
351,2770,1355,255,0,0
351,2770,1360,255,0,0
351,2770,1365,255,0,0
351,2770,1370,255,0,0
351,2770,1375,255,0,0
351,2770,1380,255,0,0
351,2770,1385,255,0,0
351,2770,1390,255,0,0
351,2770,1395,255,0,0
351,2770,1400,255,0,0
351,2770,1405,255,0,0
351,2770,1410,255,0,0
351,2770,1415,255,0,0
351,2770,1420,255,0,0
351,2770,1425,255,0,0
351,2770,1430,255,0,0
351,2770,1435,255,0,0
351,2770,1440,255,0,0
351,2770,1445,255,0,0
351,2770,1450,255,0,0
351,2770,1455,255,0,0
351,2770,1460,255,0,0
351,2770,1465,255,0,0
351,2770,1470,255,0,0
351,2770,1475,255,0,0
351,2770,1480,255,0,0
351,2770,1485,255,0,0
351,2770,1490,255,0,0
351,2770,1495,255,0,0
411,2085,1000,255,0,0
411,2085,1005,255,0,0
411,2085,1010,255,0,0
411,2085,1015,255,0,0
411,2085,1020,255,0,0
411,2085,1025,255,0,0
411,2085,1030,255,0,0
411,2085,1035,255,0,0
411,2085,1040,255,0,0
411,2085,1045,255,0,0
411,2085,1050,255,0,0
411,2085,1055,255,0,0
411,2085,1060,255,0,0
411,2085,1065,255,0,0
411,2085,1070,255,0,0
411,2085,1075,255,0,0
411,2085,1080,255,0,0
411,2085,1085,255,0,0
411,2085,1090,255,0,0
411,2085,1095,255,0,0
411,2085,1100,255,0,0
411,2085,1105,255,0,0
411,2085,1110,255,0,0
411,2085,1115,255,0,0
411,2085,1120,255,0,0
411,2085,1125,255,0,0
411,2085,1130,255,0,0
411,2085,1135,255,0,0
411,2085,1140,255,0,0
411,2085,1145,255,0,0
411,2085,1150,255,0,0
411,2085,1155,255,0,0
411,2085,1160,255,0,0
411,2085,1165,255,0,0
411,2085,1170,255,0,0
411,2085,1175,255,0,0
411,2085,1180,255,0,0
411,2085,1185,255,0,0
411,2085,1190,255,0,0
411,2085,1195,255,0,0
411,2085,1200,255,0,0
411,2085,1205,255,0,0
411,2085,1210,255,0,0
411,2085,1215,255,0,0
411,2085,1220,255,0,0
411,2085,1225,255,0,0
411,2085,1230,255,0,0
411,2085,1235,255,0,0
411,2085,1240,255,0,0
411,2085,1245,255,0,0
411,2085,1250,255,0,0
411,2085,1255,255,0,0
411,2085,1260,255,0,0
411,2085,1265,255,0,0
411,2085,1270,255,0,0
411,2085,1275,255,0,0
411,2085,1280,255,0,0
411,2085,1285,255,0,0
411,2085,1290,255,0,0
411,2085,1295,255,0,0
411,2085,1300,255,0,0
411,2085,1305,255,0,0
411,2085,1310,255,0,0
411,2085,1315,255,0,0
411,2085,1320,255,0,0
411,2085,1325,255,0,0
411,2085,1330,255,0,0
411,2085,1335,255,0,0
411,2085,1340,255,0,0
411,2085,1345,255,0,0
411,2085,1350,255,0,0
411,2085,1355,255,0,0
411,2085,1360,255,0,0
411,2085,1365,255,0,0
411,2085,1370,255,0,0
411,2085,1375,255,0,0
411,2085,1380,255,0,0
411,2085,1385,255,0,0
411,2085,1390,255,0,0
411,2085,1395,255,0,0
411,2085,1400,255,0,0
411,2085,1405,255,0,0
411,2085,1410,255,0,0
411,2085,1415,255,0,0
411,2085,1420,255,0,0
411,2085,1425,255,0,0
411,2085,1430,255,0,0
411,2085,1435,255,0,0
411,2085,1440,255,0,0
411,2085,1445,255,0,0
411,2085,1450,255,0,0
411,2085,1455,255,0,0
411,2085,1460,255,0,0
411,2085,1465,255,0,0
411,2085,1470,255,0,0
411,2085,1475,255,0,0
411,2085,1480,255,0,0
411,2085,1485,255,0,0
411,2085,1490,255,0,0
411,2085,1495,255,0,0
437,806,1000,255,0,0
437,806,1005,255,0,0
437,806,1010,255,0,0
437,806,1015,255,0,0
437,806,1020,255,0,0
437,806,1025,255,0,0
437,806,1030,255,0,0
437,806,1035,255,0,0
437,806,1040,255,0,0
437,806,1045,255,0,0
437,806,1050,255,0,0
437,806,1055,255,0,0
437,806,1060,255,0,0
437,806,1065,255,0,0
437,806,1070,255,0,0
437,806,1075,255,0,0
437,806,1080,255,0,0
437,806,1085,255,0,0
437,806,1090,255,0,0
437,806,1095,255,0,0
437,806,1100,255,0,0
437,806,1105,255,0,0
437,806,1110,255,0,0
437,806,1115,255,0,0
437,806,1120,255,0,0
437,806,1125,255,0,0
437,806,1130,255,0,0
437,806,1135,255,0,0
437,806,1140,255,0,0
437,806,1145,255,0,0
437,806,1150,255,0,0
437,806,1155,255,0,0
437,806,1160,255,0,0
437,806,1165,255,0,0
437,806,1170,255,0,0
437,806,1175,255,0,0
437,806,1180,255,0,0
437,806,1185,255,0,0
437,806,1190,255,0,0
437,806,1195,255,0,0
437,806,1200,255,0,0
437,806,1205,255,0,0
437,806,1210,255,0,0
437,806,1215,255,0,0
437,806,1220,255,0,0
437,806,1225,255,0,0
437,806,1230,255,0,0
437,806,1235,255,0,0
437,806,1240,255,0,0
437,806,1245,255,0,0
437,806,1250,255,0,0
437,806,1255,255,0,0
437,806,1260,255,0,0
437,806,1265,255,0,0
437,806,1270,255,0,0
437,806,1275,255,0,0
437,806,1280,255,0,0
437,806,1285,255,0,0
437,806,1290,255,0,0
437,806,1295,255,0,0
437,806,1300,255,0,0
437,806,1305,255,0,0
437,806,1310,255,0,0
437,806,1315,255,0,0
437,806,1320,255,0,0
437,806,1325,255,0,0
437,806,1330,255,0,0
437,806,1335,255,0,0
437,806,1340,255,0,0
437,806,1345,255,0,0
437,806,1350,255,0,0
437,806,1355,255,0,0
437,806,1360,255,0,0
437,806,1365,255,0,0
437,806,1370,255,0,0
437,806,1375,255,0,0
437,806,1380,255,0,0
437,806,1385,255,0,0
437,806,1390,255,0,0
437,806,1395,255,0,0
437,806,1400,255,0,0
437,806,1405,255,0,0
437,806,1410,255,0,0
437,806,1415,255,0,0
437,806,1420,255,0,0
437,806,1425,255,0,0
437,806,1430,255,0,0
437,806,1435,255,0,0
437,806,1440,255,0,0
437,806,1445,255,0,0
437,806,1450,255,0,0
437,806,1455,255,0,0
437,806,1460,255,0,0
437,806,1465,255,0,0
437,806,1470,255,0,0
437,806,1475,255,0,0
437,806,1480,255,0,0
437,806,1485,255,0,0
437,806,1490,255,0,0
437,806,1495,255,0,0
296,2024,1500,255,0,0
296,2024,1505,255,0,0
296,2024,1510,255,0,0
296,2024,1515,255,0,0
296,2024,1520,255,0,0
296,2024,1525,255,0,0
296,2024,1530,255,0,0
296,2024,1535,255,0,0
296,2024,1540,255,0,0
296,2024,1545,255,0,0
296,2024,1550,255,0,0
296,2024,1555,255,0,0
296,2024,1560,255,0,0
296,2024,1565,255,0,0
296,2024,1570,255,0,0
296,2024,1575,255,0,0
296,2024,1580,255,0,0
296,2024,1585,255,0,0
296,2024,1590,255,0,0
296,2024,1595,255,0,0
296,2024,1600,255,0,0
296,2024,1605,255,0,0
296,2024,1610,255,0,0
296,2024,1615,255,0,0
296,2024,1620,255,0,0
296,2024,1625,255,0,0
296,2024,1630,255,0,0
296,2024,1635,255,0,0
296,2024,1640,255,0,0
296,2024,1645,255,0,0
296,2024,1650,255,0,0
296,2024,1655,255,0,0
296,2024,1660,255,0,0
296,2024,1665,255,0,0
296,2024,1670,255,0,0
296,2024,1675,255,0,0
296,2024,1680,255,0,0
296,2024,1685,255,0,0
296,2024,1690,255,0,0
296,2024,1695,255,0,0
296,2024,1700,255,0,0
296,2024,1705,255,0,0
296,2024,1710,255,0,0
296,2024,1715,255,0,0
296,2024,1720,255,0,0
296,2024,1725,255,0,0
296,2024,1730,255,0,0
296,2024,1735,255,0,0
296,2024,1740,255,0,0
296,2024,1745,255,0,0
296,2024,1750,255,0,0
296,2024,1755,255,0,0
296,2024,1760,255,0,0
296,2024,1765,255,0,0
296,2024,1770,255,0,0
296,2024,1775,255,0,0
296,2024,1780,255,0,0
296,2024,1785,255,0,0
296,2024,1790,255,0,0
296,2024,1795,255,0,0
296,2024,1800,255,0,0
296,2024,1805,255,0,0
296,2024,1810,255,0,0
296,2024,1815,255,0,0
296,2024,1820,255,0,0
296,2024,1825,255,0,0
296,2024,1830,255,0,0
296,2024,1835,255,0,0
296,2024,1840,255,0,0
296,2024,1845,255,0,0
296,2024,1850,255,0,0
296,2024,1855,255,0,0
296,2024,1860,255,0,0
296,2024,1865,255,0,0
296,2024,1870,255,0,0
296,2024,1875,255,0,0
296,2024,1880,255,0,0
296,2024,1885,255,0,0
296,2024,1890,255,0,0
296,2024,1895,255,0,0
296,2024,1900,255,0,0
296,2024,1905,255,0,0
296,2024,1910,255,0,0
296,2024,1915,255,0,0
296,2024,1920,255,0,0
296,2024,1925,255,0,0
296,2024,1930,255,0,0
296,2024,1935,255,0,0
296,2024,1940,255,0,0
296,2024,1945,255,0,0
296,2024,1950,255,0,0
296,2024,1955,255,0,0
296,2024,1960,255,0,0
296,2024,1965,255,0,0
296,2024,1970,255,0,0
296,2024,1975,255,0,0
296,2024,1980,255,0,0
296,2024,1985,255,0,0
296,2024,1990,255,0,0
296,2024,1995,255,0,0
272,2114,1500,255,0,0
272,2114,1505,255,0,0
272,2114,1510,255,0,0
272,2114,1515,255,0,0
272,2114,1520,255,0,0
272,2114,1525,255,0,0
272,2114,1530,255,0,0
272,2114,1535,255,0,0
272,2114,1540,255,0,0
272,2114,1545,255,0,0
272,2114,1550,255,0,0
272,2114,1555,255,0,0
272,2114,1560,255,0,0
272,2114,1565,255,0,0
272,2114,1570,255,0,0
272,2114,1575,255,0,0
272,2114,1580,255,0,0
272,2114,1585,255,0,0
272,2114,1590,255,0,0
272,2114,1595,255,0,0
272,2114,1600,255,0,0
272,2114,1605,255,0,0
272,2114,1610,255,0,0
272,2114,1615,255,0,0
272,2114,1620,255,0,0
272,2114,1625,255,0,0
272,2114,1630,255,0,0
272,2114,1635,255,0,0
272,2114,1640,255,0,0
272,2114,1645,255,0,0
272,2114,1650,255,0,0
272,2114,1655,255,0,0
272,2114,1660,255,0,0
272,2114,1665,255,0,0
272,2114,1670,255,0,0
272,2114,1675,255,0,0
272,2114,1680,255,0,0
272,2114,1685,255,0,0
272,2114,1690,255,0,0
272,2114,1695,255,0,0
272,2114,1700,255,0,0
272,2114,1705,255,0,0
272,2114,1710,255,0,0
272,2114,1715,255,0,0
272,2114,1720,255,0,0
272,2114,1725,255,0,0
272,2114,1730,255,0,0
272,2114,1735,255,0,0
272,2114,1740,255,0,0
272,2114,1745,255,0,0
272,2114,1750,255,0,0
272,2114,1755,255,0,0
272,2114,1760,255,0,0
272,2114,1765,255,0,0
272,2114,1770,255,0,0
272,2114,1775,255,0,0
272,2114,1780,255,0,0
272,2114,1785,255,0,0
272,2114,1790,255,0,0
272,2114,1795,255,0,0
272,2114,1800,255,0,0
272,2114,1805,255,0,0
272,2114,1810,255,0,0
272,2114,1815,255,0,0
272,2114,1820,255,0,0
272,2114,1825,255,0,0
272,2114,1830,255,0,0
272,2114,1835,255,0,0
272,2114,1840,255,0,0
272,2114,1845,255,0,0
272,2114,1850,255,0,0
272,2114,1855,255,0,0
272,2114,1860,255,0,0
272,2114,1865,255,0,0
272,2114,1870,255,0,0
272,2114,1875,255,0,0
272,2114,1880,255,0,0
272,2114,1885,255,0,0
272,2114,1890,255,0,0
272,2114,1895,255,0,0
272,2114,1900,255,0,0
272,2114,1905,255,0,0
272,2114,1910,255,0,0
272,2114,1915,255,0,0
272,2114,1920,255,0,0
272,2114,1925,255,0,0
272,2114,1930,255,0,0
272,2114,1935,255,0,0
272,2114,1940,255,0,0
272,2114,1945,255,0,0
272,2114,1950,255,0,0
272,2114,1955,255,0,0
272,2114,1960,255,0,0
272,2114,1965,255,0,0
272,2114,1970,255,0,0
272,2114,1975,255,0,0
272,2114,1980,255,0,0
272,2114,1985,255,0,0
272,2114,1990,255,0,0
272,2114,1995,255,0,0
342,2863,1500,255,0,0
342,2863,1505,255,0,0
342,2863,1510,255,0,0
342,2863,1515,255,0,0
342,2863,1520,255,0,0
342,2863,1525,255,0,0
342,2863,1530,255,0,0
342,2863,1535,255,0,0
342,2863,1540,255,0,0
342,2863,1545,255,0,0
342,2863,1550,255,0,0
342,2863,1555,255,0,0
342,2863,1560,255,0,0
342,2863,1565,255,0,0
342,2863,1570,255,0,0
342,2863,1575,255,0,0
342,2863,1580,255,0,0
342,2863,1585,255,0,0
342,2863,1590,255,0,0
342,2863,1595,255,0,0
342,2863,1600,255,0,0
342,2863,1605,255,0,0
342,2863,1610,255,0,0
342,2863,1615,255,0,0
342,2863,1620,255,0,0
342,2863,1625,255,0,0
342,2863,1630,255,0,0
342,2863,1635,255,0,0
342,2863,1640,255,0,0
342,2863,1645,255,0,0
342,2863,1650,255,0,0
342,2863,1655,255,0,0
342,2863,1660,255,0,0
342,2863,1665,255,0,0
342,2863,1670,255,0,0
342,2863,1675,255,0,0
342,2863,1680,255,0,0
342,2863,1685,255,0,0
342,2863,1690,255,0,0
342,2863,1695,255,0,0
342,2863,1700,255,0,0
342,2863,1705,255,0,0
342,2863,1710,255,0,0
342,2863,1715,255,0,0
342,2863,1720,255,0,0
342,2863,1725,255,0,0
342,2863,1730,255,0,0
342,2863,1735,255,0,0
342,2863,1740,255,0,0
342,2863,1745,255,0,0
342,2863,1750,255,0,0
342,2863,1755,255,0,0
342,2863,1760,255,0,0
342,2863,1765,255,0,0
342,2863,1770,255,0,0
342,2863,1775,255,0,0
342,2863,1780,255,0,0
342,2863,1785,255,0,0
342,2863,1790,255,0,0
342,2863,1795,255,0,0
342,2863,1800,255,0,0
342,2863,1805,255,0,0
342,2863,1810,255,0,0
342,2863,1815,255,0,0
342,2863,1820,255,0,0
342,2863,1825,255,0,0
342,2863,1830,255,0,0
342,2863,1835,255,0,0
342,2863,1840,255,0,0
342,2863,1845,255,0,0
342,2863,1850,255,0,0
342,2863,1855,255,0,0
342,2863,1860,255,0,0
342,2863,1865,255,0,0
342,2863,1870,255,0,0
342,2863,1875,255,0,0
342,2863,1880,255,0,0
342,2863,1885,255,0,0
342,2863,1890,255,0,0
342,2863,1895,255,0,0
342,2863,1900,255,0,0
342,2863,1905,255,0,0
342,2863,1910,255,0,0
342,2863,1915,255,0,0
342,2863,1920,255,0,0
342,2863,1925,255,0,0
342,2863,1930,255,0,0
342,2863,1935,255,0,0
342,2863,1940,255,0,0
342,2863,1945,255,0,0
342,2863,1950,255,0,0
342,2863,1955,255,0,0
342,2863,1960,255,0,0
342,2863,1965,255,0,0
342,2863,1970,255,0,0
342,2863,1975,255,0,0
342,2863,1980,255,0,0
342,2863,1985,255,0,0
342,2863,1990,255,0,0
342,2863,1995,255,0,0
346,817,1500,255,0,0
346,817,1505,255,0,0
346,817,1510,255,0,0
346,817,1515,255,0,0
346,817,1520,255,0,0
346,817,1525,255,0,0
346,817,1530,255,0,0
346,817,1535,255,0,0
346,817,1540,255,0,0
346,817,1545,255,0,0
346,817,1550,255,0,0
346,817,1555,255,0,0
346,817,1560,255,0,0
346,817,1565,255,0,0
346,817,1570,255,0,0
346,817,1575,255,0,0
346,817,1580,255,0,0
346,817,1585,255,0,0
346,817,1590,255,0,0
346,817,1595,255,0,0
346,817,1600,255,0,0
346,817,1605,255,0,0
346,817,1610,255,0,0
346,817,1615,255,0,0
346,817,1620,255,0,0
346,817,1625,255,0,0
346,817,1630,255,0,0
346,817,1635,255,0,0
346,817,1640,255,0,0
346,817,1645,255,0,0
346,817,1650,255,0,0
346,817,1655,255,0,0
346,817,1660,255,0,0
346,817,1665,255,0,0
346,817,1670,255,0,0
346,817,1675,255,0,0
346,817,1680,255,0,0
346,817,1685,255,0,0
346,817,1690,255,0,0
346,817,1695,255,0,0
346,817,1700,255,0,0
346,817,1705,255,0,0
346,817,1710,255,0,0
346,817,1715,255,0,0
346,817,1720,255,0,0
346,817,1725,255,0,0
346,817,1730,255,0,0
346,817,1735,255,0,0
346,817,1740,255,0,0
346,817,1745,255,0,0
346,817,1750,255,0,0
346,817,1755,255,0,0
346,817,1760,255,0,0
346,817,1765,255,0,0
346,817,1770,255,0,0
346,817,1775,255,0,0
346,817,1780,255,0,0
346,817,1785,255,0,0
346,817,1790,255,0,0
346,817,1795,255,0,0
346,817,1800,255,0,0
346,817,1805,255,0,0
346,817,1810,255,0,0
346,817,1815,255,0,0
346,817,1820,255,0,0
346,817,1825,255,0,0
346,817,1830,255,0,0
346,817,1835,255,0,0
346,817,1840,255,0,0
346,817,1845,255,0,0
346,817,1850,255,0,0
346,817,1855,255,0,0
346,817,1860,255,0,0
346,817,1865,255,0,0
346,817,1870,255,0,0
346,817,1875,255,0,0
346,817,1880,255,0,0
346,817,1885,255,0,0
346,817,1890,255,0,0
346,817,1895,255,0,0
346,817,1900,255,0,0
346,817,1905,255,0,0
346,817,1910,255,0,0
346,817,1915,255,0,0
346,817,1920,255,0,0
346,817,1925,255,0,0
346,817,1930,255,0,0
346,817,1935,255,0,0
346,817,1940,255,0,0
346,817,1945,255,0,0
346,817,1950,255,0,0
346,817,1955,255,0,0
346,817,1960,255,0,0
346,817,1965,255,0,0
346,817,1970,255,0,0
346,817,1975,255,0,0
346,817,1980,255,0,0
346,817,1985,255,0,0
346,817,1990,255,0,0
346,817,1995,255,0,0
410,2179,1500,255,0,0
410,2179,1505,255,0,0
410,2179,1510,255,0,0
410,2179,1515,255,0,0
410,2179,1520,255,0,0
410,2179,1525,255,0,0
410,2179,1530,255,0,0
410,2179,1535,255,0,0
410,2179,1540,255,0,0
410,2179,1545,255,0,0
410,2179,1550,255,0,0
410,2179,1555,255,0,0
410,2179,1560,255,0,0
410,2179,1565,255,0,0
410,2179,1570,255,0,0
410,2179,1575,255,0,0
410,2179,1580,255,0,0
410,2179,1585,255,0,0
410,2179,1590,255,0,0
410,2179,1595,255,0,0
410,2179,1600,255,0,0
410,2179,1605,255,0,0
410,2179,1610,255,0,0
410,2179,1615,255,0,0
410,2179,1620,255,0,0
410,2179,1625,255,0,0
410,2179,1630,255,0,0
410,2179,1635,255,0,0
410,2179,1640,255,0,0
410,2179,1645,255,0,0
410,2179,1650,255,0,0
410,2179,1655,255,0,0
410,2179,1660,255,0,0
410,2179,1665,255,0,0
410,2179,1670,255,0,0
410,2179,1675,255,0,0
410,2179,1680,255,0,0
410,2179,1685,255,0,0
410,2179,1690,255,0,0
410,2179,1695,255,0,0
410,2179,1700,255,0,0
410,2179,1705,255,0,0
410,2179,1710,255,0,0
410,2179,1715,255,0,0
410,2179,1720,255,0,0
410,2179,1725,255,0,0
410,2179,1730,255,0,0
410,2179,1735,255,0,0
410,2179,1740,255,0,0
410,2179,1745,255,0,0
410,2179,1750,255,0,0
410,2179,1755,255,0,0
410,2179,1760,255,0,0
410,2179,1765,255,0,0
410,2179,1770,255,0,0
410,2179,1775,255,0,0
410,2179,1780,255,0,0
410,2179,1785,255,0,0
410,2179,1790,255,0,0
410,2179,1795,255,0,0
410,2179,1800,255,0,0
410,2179,1805,255,0,0
410,2179,1810,255,0,0
410,2179,1815,255,0,0
410,2179,1820,255,0,0
410,2179,1825,255,0,0
410,2179,1830,255,0,0
410,2179,1835,255,0,0
410,2179,1840,255,0,0
410,2179,1845,255,0,0
410,2179,1850,255,0,0
410,2179,1855,255,0,0
410,2179,1860,255,0,0
410,2179,1865,255,0,0
410,2179,1870,255,0,0
410,2179,1875,255,0,0
410,2179,1880,255,0,0
410,2179,1885,255,0,0
410,2179,1890,255,0,0
410,2179,1895,255,0,0
410,2179,1900,255,0,0
410,2179,1905,255,0,0
410,2179,1910,255,0,0
410,2179,1915,255,0,0
410,2179,1920,255,0,0
410,2179,1925,255,0,0
410,2179,1930,255,0,0
410,2179,1935,255,0,0
410,2179,1940,255,0,0
410,2179,1945,255,0,0
410,2179,1950,255,0,0
410,2179,1955,255,0,0
410,2179,1960,255,0,0
410,2179,1965,255,0,0
410,2179,1970,255,0,0
410,2179,1975,255,0,0
410,2179,1980,255,0,0
410,2179,1985,255,0,0
410,2179,1990,255,0,0
410,2179,1995,255,0,0
436,900,1500,255,0,0
436,900,1505,255,0,0
436,900,1510,255,0,0
436,900,1515,255,0,0
436,900,1520,255,0,0
436,900,1525,255,0,0
436,900,1530,255,0,0
436,900,1535,255,0,0
436,900,1540,255,0,0
436,900,1545,255,0,0
436,900,1550,255,0,0
436,900,1555,255,0,0
436,900,1560,255,0,0
436,900,1565,255,0,0
436,900,1570,255,0,0
436,900,1575,255,0,0
436,900,1580,255,0,0
436,900,1585,255,0,0
436,900,1590,255,0,0
436,900,1595,255,0,0
436,900,1600,255,0,0
436,900,1605,255,0,0
436,900,1610,255,0,0
436,900,1615,255,0,0
436,900,1620,255,0,0
436,900,1625,255,0,0
436,900,1630,255,0,0
436,900,1635,255,0,0
436,900,1640,255,0,0
436,900,1645,255,0,0
436,900,1650,255,0,0
436,900,1655,255,0,0
436,900,1660,255,0,0
436,900,1665,255,0,0
436,900,1670,255,0,0
436,900,1675,255,0,0
436,900,1680,255,0,0
436,900,1685,255,0,0
436,900,1690,255,0,0
436,900,1695,255,0,0
436,900,1700,255,0,0
436,900,1705,255,0,0
436,900,1710,255,0,0
436,900,1715,255,0,0
436,900,1720,255,0,0
436,900,1725,255,0,0
436,900,1730,255,0,0
436,900,1735,255,0,0
436,900,1740,255,0,0
436,900,1745,255,0,0
436,900,1750,255,0,0
436,900,1755,255,0,0
436,900,1760,255,0,0
436,900,1765,255,0,0
436,900,1770,255,0,0
436,900,1775,255,0,0
436,900,1780,255,0,0
436,900,1785,255,0,0
436,900,1790,255,0,0
436,900,1795,255,0,0
436,900,1800,255,0,0
436,900,1805,255,0,0
436,900,1810,255,0,0
436,900,1815,255,0,0
436,900,1820,255,0,0
436,900,1825,255,0,0
436,900,1830,255,0,0
436,900,1835,255,0,0
436,900,1840,255,0,0
436,900,1845,255,0,0
436,900,1850,255,0,0
436,900,1855,255,0,0
436,900,1860,255,0,0
436,900,1865,255,0,0
436,900,1870,255,0,0
436,900,1875,255,0,0
436,900,1880,255,0,0
436,900,1885,255,0,0
436,900,1890,255,0,0
436,900,1895,255,0,0
436,900,1900,255,0,0
436,900,1905,255,0,0
436,900,1910,255,0,0
436,900,1915,255,0,0
436,900,1920,255,0,0
436,900,1925,255,0,0
436,900,1930,255,0,0
436,900,1935,255,0,0
436,900,1940,255,0,0
436,900,1945,255,0,0
436,900,1950,255,0,0
436,900,1955,255,0,0
436,900,1960,255,0,0
436,900,1965,255,0,0
436,900,1970,255,0,0
436,900,1975,255,0,0
436,900,1980,255,0,0
436,900,1985,255,0,0
436,900,1990,255,0,0
436,900,1995,255,0,0
438,1893,1500,255,0,0
438,1893,1505,255,0,0
438,1893,1510,255,0,0
438,1893,1515,255,0,0
438,1893,1520,255,0,0
438,1893,1525,255,0,0
438,1893,1530,255,0,0
438,1893,1535,255,0,0
438,1893,1540,255,0,0
438,1893,1545,255,0,0
438,1893,1550,255,0,0
438,1893,1555,255,0,0
438,1893,1560,255,0,0
438,1893,1565,255,0,0
438,1893,1570,255,0,0
438,1893,1575,255,0,0
438,1893,1580,255,0,0
438,1893,1585,255,0,0
438,1893,1590,255,0,0
438,1893,1595,255,0,0
438,1893,1600,255,0,0
438,1893,1605,255,0,0
438,1893,1610,255,0,0
438,1893,1615,255,0,0
438,1893,1620,255,0,0
438,1893,1625,255,0,0
438,1893,1630,255,0,0
438,1893,1635,255,0,0
438,1893,1640,255,0,0
438,1893,1645,255,0,0
438,1893,1650,255,0,0
438,1893,1655,255,0,0
438,1893,1660,255,0,0
438,1893,1665,255,0,0
438,1893,1670,255,0,0
438,1893,1675,255,0,0
438,1893,1680,255,0,0
438,1893,1685,255,0,0
438,1893,1690,255,0,0
438,1893,1695,255,0,0
438,1893,1700,255,0,0
438,1893,1705,255,0,0
438,1893,1710,255,0,0
438,1893,1715,255,0,0
438,1893,1720,255,0,0
438,1893,1725,255,0,0
438,1893,1730,255,0,0
438,1893,1735,255,0,0
438,1893,1740,255,0,0
438,1893,1745,255,0,0
438,1893,1750,255,0,0
438,1893,1755,255,0,0
438,1893,1760,255,0,0
438,1893,1765,255,0,0
438,1893,1770,255,0,0
438,1893,1775,255,0,0
438,1893,1780,255,0,0
438,1893,1785,255,0,0
438,1893,1790,255,0,0
438,1893,1795,255,0,0
438,1893,1800,255,0,0
438,1893,1805,255,0,0
438,1893,1810,255,0,0
438,1893,1815,255,0,0
438,1893,1820,255,0,0
438,1893,1825,255,0,0
438,1893,1830,255,0,0
438,1893,1835,255,0,0
438,1893,1840,255,0,0
438,1893,1845,255,0,0
438,1893,1850,255,0,0
438,1893,1855,255,0,0
438,1893,1860,255,0,0
438,1893,1865,255,0,0
438,1893,1870,255,0,0
438,1893,1875,255,0,0
438,1893,1880,255,0,0
438,1893,1885,255,0,0
438,1893,1890,255,0,0
438,1893,1895,255,0,0
438,1893,1900,255,0,0
438,1893,1905,255,0,0
438,1893,1910,255,0,0
438,1893,1915,255,0,0
438,1893,1920,255,0,0
438,1893,1925,255,0,0
438,1893,1930,255,0,0
438,1893,1935,255,0,0
438,1893,1940,255,0,0
438,1893,1945,255,0,0
438,1893,1950,255,0,0
438,1893,1955,255,0,0
438,1893,1960,255,0,0
438,1893,1965,255,0,0
438,1893,1970,255,0,0
438,1893,1975,255,0,0
438,1893,1980,255,0,0
438,1893,1985,255,0,0
438,1893,1990,255,0,0
438,1893,1995,255,0,0
296,2024,2000,255,0,0
296,2024,2005,255,0,0
296,2024,2010,255,0,0
296,2024,2015,255,0,0
296,2024,2020,255,0,0
296,2024,2025,255,0,0
296,2024,2030,255,0,0
296,2024,2035,255,0,0
296,2024,2040,255,0,0
296,2024,2045,255,0,0
296,2024,2050,255,0,0
296,2024,2055,255,0,0
296,2024,2060,255,0,0
296,2024,2065,255,0,0
296,2024,2070,255,0,0
296,2024,2075,255,0,0
296,2024,2080,255,0,0
296,2024,2085,255,0,0
296,2024,2090,255,0,0
296,2024,2095,255,0,0
296,2024,2100,255,0,0
296,2024,2105,255,0,0
296,2024,2110,255,0,0
296,2024,2115,255,0,0
296,2024,2120,255,0,0
296,2024,2125,255,0,0
296,2024,2130,255,0,0
296,2024,2135,255,0,0
296,2024,2140,255,0,0
296,2024,2145,255,0,0
296,2024,2150,255,0,0
296,2024,2155,255,0,0
296,2024,2160,255,0,0
296,2024,2165,255,0,0
296,2024,2170,255,0,0
296,2024,2175,255,0,0
296,2024,2180,255,0,0
296,2024,2185,255,0,0
296,2024,2190,255,0,0
296,2024,2195,255,0,0
296,2024,2200,255,0,0
296,2024,2205,255,0,0
296,2024,2210,255,0,0
296,2024,2215,255,0,0
296,2024,2220,255,0,0
296,2024,2225,255,0,0
296,2024,2230,255,0,0
296,2024,2235,255,0,0
296,2024,2240,255,0,0
296,2024,2245,255,0,0
296,2024,2250,255,0,0
296,2024,2255,255,0,0
296,2024,2260,255,0,0
296,2024,2265,255,0,0
296,2024,2270,255,0,0
296,2024,2275,255,0,0
296,2024,2280,255,0,0
296,2024,2285,255,0,0
296,2024,2290,255,0,0
296,2024,2295,255,0,0
296,2024,2300,255,0,0
296,2024,2305,255,0,0
296,2024,2310,255,0,0
296,2024,2315,255,0,0
296,2024,2320,255,0,0
296,2024,2325,255,0,0
296,2024,2330,255,0,0
296,2024,2335,255,0,0
296,2024,2340,255,0,0
296,2024,2345,255,0,0
296,2024,2350,255,0,0
296,2024,2355,255,0,0
296,2024,2360,255,0,0
296,2024,2365,255,0,0
296,2024,2370,255,0,0
296,2024,2375,255,0,0
296,2024,2380,255,0,0
296,2024,2385,255,0,0
296,2024,2390,255,0,0
296,2024,2395,255,0,0
296,2024,2400,255,0,0
296,2024,2405,255,0,0
296,2024,2410,255,0,0
296,2024,2415,255,0,0
296,2024,2420,255,0,0
296,2024,2425,255,0,0
296,2024,2430,255,0,0
296,2024,2435,255,0,0
296,2024,2440,255,0,0
296,2024,2445,255,0,0
296,2024,2450,255,0,0
296,2024,2455,255,0,0
296,2024,2460,255,0,0
296,2024,2465,255,0,0
296,2024,2470,255,0,0
296,2024,2475,255,0,0
296,2024,2480,255,0,0
296,2024,2485,255,0,0
296,2024,2490,255,0,0
296,2024,2495,255,0,0
272,2114,2000,255,0,0
272,2114,2005,255,0,0
272,2114,2010,255,0,0
272,2114,2015,255,0,0
272,2114,2020,255,0,0
272,2114,2025,255,0,0
272,2114,2030,255,0,0
272,2114,2035,255,0,0
272,2114,2040,255,0,0
272,2114,2045,255,0,0
272,2114,2050,255,0,0
272,2114,2055,255,0,0
272,2114,2060,255,0,0
272,2114,2065,255,0,0
272,2114,2070,255,0,0
272,2114,2075,255,0,0
272,2114,2080,255,0,0
272,2114,2085,255,0,0
272,2114,2090,255,0,0
272,2114,2095,255,0,0
272,2114,2100,255,0,0
272,2114,2105,255,0,0
272,2114,2110,255,0,0
272,2114,2115,255,0,0
272,2114,2120,255,0,0
272,2114,2125,255,0,0
272,2114,2130,255,0,0
272,2114,2135,255,0,0
272,2114,2140,255,0,0
272,2114,2145,255,0,0
272,2114,2150,255,0,0
272,2114,2155,255,0,0
272,2114,2160,255,0,0
272,2114,2165,255,0,0
272,2114,2170,255,0,0
272,2114,2175,255,0,0
272,2114,2180,255,0,0
272,2114,2185,255,0,0
272,2114,2190,255,0,0
272,2114,2195,255,0,0
272,2114,2200,255,0,0
272,2114,2205,255,0,0
272,2114,2210,255,0,0
272,2114,2215,255,0,0
272,2114,2220,255,0,0
272,2114,2225,255,0,0
272,2114,2230,255,0,0
272,2114,2235,255,0,0
272,2114,2240,255,0,0
272,2114,2245,255,0,0
272,2114,2250,255,0,0
272,2114,2255,255,0,0
272,2114,2260,255,0,0
272,2114,2265,255,0,0
272,2114,2270,255,0,0
272,2114,2275,255,0,0
272,2114,2280,255,0,0
272,2114,2285,255,0,0
272,2114,2290,255,0,0
272,2114,2295,255,0,0
272,2114,2300,255,0,0
272,2114,2305,255,0,0
272,2114,2310,255,0,0
272,2114,2315,255,0,0
272,2114,2320,255,0,0
272,2114,2325,255,0,0
272,2114,2330,255,0,0
272,2114,2335,255,0,0
272,2114,2340,255,0,0
272,2114,2345,255,0,0
272,2114,2350,255,0,0
272,2114,2355,255,0,0
272,2114,2360,255,0,0
272,2114,2365,255,0,0
272,2114,2370,255,0,0
272,2114,2375,255,0,0
272,2114,2380,255,0,0
272,2114,2385,255,0,0
272,2114,2390,255,0,0
272,2114,2395,255,0,0
272,2114,2400,255,0,0
272,2114,2405,255,0,0
272,2114,2410,255,0,0
272,2114,2415,255,0,0
272,2114,2420,255,0,0
272,2114,2425,255,0,0
272,2114,2430,255,0,0
272,2114,2435,255,0,0
272,2114,2440,255,0,0
272,2114,2445,255,0,0
272,2114,2450,255,0,0
272,2114,2455,255,0,0
272,2114,2460,255,0,0
272,2114,2465,255,0,0
272,2114,2470,255,0,0
272,2114,2475,255,0,0
272,2114,2480,255,0,0
272,2114,2485,255,0,0
272,2114,2490,255,0,0
272,2114,2495,255,0,0
342,2862,2000,255,0,0
342,2862,2005,255,0,0
342,2862,2010,255,0,0
342,2862,2015,255,0,0
342,2862,2020,255,0,0
342,2862,2025,255,0,0
342,2862,2030,255,0,0
342,2862,2035,255,0,0
342,2862,2040,255,0,0
342,2862,2045,255,0,0
342,2862,2050,255,0,0
342,2862,2055,255,0,0
342,2862,2060,255,0,0
342,2862,2065,255,0,0
342,2862,2070,255,0,0
342,2862,2075,255,0,0
342,2862,2080,255,0,0
342,2862,2085,255,0,0
342,2862,2090,255,0,0
342,2862,2095,255,0,0
342,2862,2100,255,0,0
342,2862,2105,255,0,0
342,2862,2110,255,0,0
342,2862,2115,255,0,0
342,2862,2120,255,0,0
342,2862,2125,255,0,0
342,2862,2130,255,0,0
342,2862,2135,255,0,0
342,2862,2140,255,0,0
342,2862,2145,255,0,0
342,2862,2150,255,0,0
342,2862,2155,255,0,0
342,2862,2160,255,0,0
342,2862,2165,255,0,0
342,2862,2170,255,0,0
342,2862,2175,255,0,0
342,2862,2180,255,0,0
342,2862,2185,255,0,0
342,2862,2190,255,0,0
342,2862,2195,255,0,0
342,2862,2200,255,0,0
342,2862,2205,255,0,0
342,2862,2210,255,0,0
342,2862,2215,255,0,0
342,2862,2220,255,0,0
342,2862,2225,255,0,0
342,2862,2230,255,0,0
342,2862,2235,255,0,0
342,2862,2240,255,0,0
342,2862,2245,255,0,0
342,2862,2250,255,0,0
342,2862,2255,255,0,0
342,2862,2260,255,0,0
342,2862,2265,255,0,0
342,2862,2270,255,0,0
342,2862,2275,255,0,0
342,2862,2280,255,0,0
342,2862,2285,255,0,0
342,2862,2290,255,0,0
342,2862,2295,255,0,0
342,2862,2300,255,0,0
342,2862,2305,255,0,0
342,2862,2310,255,0,0
342,2862,2315,255,0,0
342,2862,2320,255,0,0
342,2862,2325,255,0,0
342,2862,2330,255,0,0
342,2862,2335,255,0,0
342,2862,2340,255,0,0
342,2862,2345,255,0,0
342,2862,2350,255,0,0
342,2862,2355,255,0,0
342,2862,2360,255,0,0
342,2862,2365,255,0,0
342,2862,2370,255,0,0
342,2862,2375,255,0,0
342,2862,2380,255,0,0
342,2862,2385,255,0,0
342,2862,2390,255,0,0
342,2862,2395,255,0,0
342,2862,2400,255,0,0
342,2862,2405,255,0,0
342,2862,2410,255,0,0
342,2862,2415,255,0,0
342,2862,2420,255,0,0
342,2862,2425,255,0,0
342,2862,2430,255,0,0
342,2862,2435,255,0,0
342,2862,2440,255,0,0
342,2862,2445,255,0,0
342,2862,2450,255,0,0
342,2862,2455,255,0,0
342,2862,2460,255,0,0
342,2862,2465,255,0,0
342,2862,2470,255,0,0
342,2862,2475,255,0,0
342,2862,2480,255,0,0
342,2862,2485,255,0,0
342,2862,2490,255,0,0
342,2862,2495,255,0,0
346,817,2000,255,0,0
346,817,2005,255,0,0
346,817,2010,255,0,0
346,817,2015,255,0,0
346,817,2020,255,0,0
346,817,2025,255,0,0
346,817,2030,255,0,0
346,817,2035,255,0,0
346,817,2040,255,0,0
346,817,2045,255,0,0
346,817,2050,255,0,0
346,817,2055,255,0,0
346,817,2060,255,0,0
346,817,2065,255,0,0
346,817,2070,255,0,0
346,817,2075,255,0,0
346,817,2080,255,0,0
346,817,2085,255,0,0
346,817,2090,255,0,0
346,817,2095,255,0,0
346,817,2100,255,0,0
346,817,2105,255,0,0
346,817,2110,255,0,0
346,817,2115,255,0,0
346,817,2120,255,0,0
346,817,2125,255,0,0
346,817,2130,255,0,0
346,817,2135,255,0,0
346,817,2140,255,0,0
346,817,2145,255,0,0
346,817,2150,255,0,0
346,817,2155,255,0,0
346,817,2160,255,0,0
346,817,2165,255,0,0
346,817,2170,255,0,0
346,817,2175,255,0,0
346,817,2180,255,0,0
346,817,2185,255,0,0
346,817,2190,255,0,0
346,817,2195,255,0,0
346,817,2200,255,0,0
346,817,2205,255,0,0
346,817,2210,255,0,0
346,817,2215,255,0,0
346,817,2220,255,0,0
346,817,2225,255,0,0
346,817,2230,255,0,0
346,817,2235,255,0,0
346,817,2240,255,0,0
346,817,2245,255,0,0
346,817,2250,255,0,0
346,817,2255,255,0,0
346,817,2260,255,0,0
346,817,2265,255,0,0
346,817,2270,255,0,0
346,817,2275,255,0,0
346,817,2280,255,0,0
346,817,2285,255,0,0
346,817,2290,255,0,0
346,817,2295,255,0,0
346,817,2300,255,0,0
346,817,2305,255,0,0
346,817,2310,255,0,0
346,817,2315,255,0,0
346,817,2320,255,0,0
346,817,2325,255,0,0
346,817,2330,255,0,0
346,817,2335,255,0,0
346,817,2340,255,0,0
346,817,2345,255,0,0
346,817,2350,255,0,0
346,817,2355,255,0,0
346,817,2360,255,0,0
346,817,2365,255,0,0
346,817,2370,255,0,0
346,817,2375,255,0,0
346,817,2380,255,0,0
346,817,2385,255,0,0
346,817,2390,255,0,0
346,817,2395,255,0,0
346,817,2400,255,0,0
346,817,2405,255,0,0
346,817,2410,255,0,0
346,817,2415,255,0,0
346,817,2420,255,0,0
346,817,2425,255,0,0
346,817,2430,255,0,0
346,817,2435,255,0,0
346,817,2440,255,0,0
346,817,2445,255,0,0
346,817,2450,255,0,0
346,817,2455,255,0,0
346,817,2460,255,0,0
346,817,2465,255,0,0
346,817,2470,255,0,0
346,817,2475,255,0,0
346,817,2480,255,0,0
346,817,2485,255,0,0
346,817,2490,255,0,0
346,817,2495,255,0,0
411,2179,2000,255,0,0
411,2179,2005,255,0,0
411,2179,2010,255,0,0
411,2179,2015,255,0,0
411,2179,2020,255,0,0
411,2179,2025,255,0,0
411,2179,2030,255,0,0
411,2179,2035,255,0,0
411,2179,2040,255,0,0
411,2179,2045,255,0,0
411,2179,2050,255,0,0
411,2179,2055,255,0,0
411,2179,2060,255,0,0
411,2179,2065,255,0,0
411,2179,2070,255,0,0
411,2179,2075,255,0,0
411,2179,2080,255,0,0
411,2179,2085,255,0,0
411,2179,2090,255,0,0
411,2179,2095,255,0,0
411,2179,2100,255,0,0
411,2179,2105,255,0,0
411,2179,2110,255,0,0
411,2179,2115,255,0,0
411,2179,2120,255,0,0
411,2179,2125,255,0,0
411,2179,2130,255,0,0
411,2179,2135,255,0,0
411,2179,2140,255,0,0
411,2179,2145,255,0,0
411,2179,2150,255,0,0
411,2179,2155,255,0,0
411,2179,2160,255,0,0
411,2179,2165,255,0,0
411,2179,2170,255,0,0
411,2179,2175,255,0,0
411,2179,2180,255,0,0
411,2179,2185,255,0,0
411,2179,2190,255,0,0
411,2179,2195,255,0,0
411,2179,2200,255,0,0
411,2179,2205,255,0,0
411,2179,2210,255,0,0
411,2179,2215,255,0,0
411,2179,2220,255,0,0
411,2179,2225,255,0,0
411,2179,2230,255,0,0
411,2179,2235,255,0,0
411,2179,2240,255,0,0
411,2179,2245,255,0,0
411,2179,2250,255,0,0
411,2179,2255,255,0,0
411,2179,2260,255,0,0
411,2179,2265,255,0,0
411,2179,2270,255,0,0
411,2179,2275,255,0,0
411,2179,2280,255,0,0
411,2179,2285,255,0,0
411,2179,2290,255,0,0
411,2179,2295,255,0,0
411,2179,2300,255,0,0
411,2179,2305,255,0,0
411,2179,2310,255,0,0
411,2179,2315,255,0,0
411,2179,2320,255,0,0
411,2179,2325,255,0,0
411,2179,2330,255,0,0
411,2179,2335,255,0,0
411,2179,2340,255,0,0
411,2179,2345,255,0,0
411,2179,2350,255,0,0
411,2179,2355,255,0,0
411,2179,2360,255,0,0
411,2179,2365,255,0,0
411,2179,2370,255,0,0
411,2179,2375,255,0,0
411,2179,2380,255,0,0
411,2179,2385,255,0,0
411,2179,2390,255,0,0
411,2179,2395,255,0,0
411,2179,2400,255,0,0
411,2179,2405,255,0,0
411,2179,2410,255,0,0
411,2179,2415,255,0,0
411,2179,2420,255,0,0
411,2179,2425,255,0,0
411,2179,2430,255,0,0
411,2179,2435,255,0,0
411,2179,2440,255,0,0
411,2179,2445,255,0,0
411,2179,2450,255,0,0
411,2179,2455,255,0,0
411,2179,2460,255,0,0
411,2179,2465,255,0,0
411,2179,2470,255,0,0
411,2179,2475,255,0,0
411,2179,2480,255,0,0
411,2179,2485,255,0,0
411,2179,2490,255,0,0
411,2179,2495,255,0,0
436,901,2000,255,0,0
436,901,2005,255,0,0
436,901,2010,255,0,0
436,901,2015,255,0,0
436,901,2020,255,0,0
436,901,2025,255,0,0
436,901,2030,255,0,0
436,901,2035,255,0,0
436,901,2040,255,0,0
436,901,2045,255,0,0
436,901,2050,255,0,0
436,901,2055,255,0,0
436,901,2060,255,0,0
436,901,2065,255,0,0
436,901,2070,255,0,0
436,901,2075,255,0,0
436,901,2080,255,0,0
436,901,2085,255,0,0
436,901,2090,255,0,0
436,901,2095,255,0,0
436,901,2100,255,0,0
436,901,2105,255,0,0
436,901,2110,255,0,0
436,901,2115,255,0,0
436,901,2120,255,0,0
436,901,2125,255,0,0
436,901,2130,255,0,0
436,901,2135,255,0,0
436,901,2140,255,0,0
436,901,2145,255,0,0
436,901,2150,255,0,0
436,901,2155,255,0,0
436,901,2160,255,0,0
436,901,2165,255,0,0
436,901,2170,255,0,0
436,901,2175,255,0,0
436,901,2180,255,0,0
436,901,2185,255,0,0
436,901,2190,255,0,0
436,901,2195,255,0,0
436,901,2200,255,0,0
436,901,2205,255,0,0
436,901,2210,255,0,0
436,901,2215,255,0,0
436,901,2220,255,0,0
436,901,2225,255,0,0
436,901,2230,255,0,0
436,901,2235,255,0,0
436,901,2240,255,0,0
436,901,2245,255,0,0
436,901,2250,255,0,0
436,901,2255,255,0,0
436,901,2260,255,0,0
436,901,2265,255,0,0
436,901,2270,255,0,0
436,901,2275,255,0,0
436,901,2280,255,0,0
436,901,2285,255,0,0
436,901,2290,255,0,0
436,901,2295,255,0,0
436,901,2300,255,0,0
436,901,2305,255,0,0
436,901,2310,255,0,0
436,901,2315,255,0,0
436,901,2320,255,0,0
436,901,2325,255,0,0
436,901,2330,255,0,0
436,901,2335,255,0,0
436,901,2340,255,0,0
436,901,2345,255,0,0
436,901,2350,255,0,0
436,901,2355,255,0,0
436,901,2360,255,0,0
436,901,2365,255,0,0
436,901,2370,255,0,0
436,901,2375,255,0,0
436,901,2380,255,0,0
436,901,2385,255,0,0
436,901,2390,255,0,0
436,901,2395,255,0,0
436,901,2400,255,0,0
436,901,2405,255,0,0
436,901,2410,255,0,0
436,901,2415,255,0,0
436,901,2420,255,0,0
436,901,2425,255,0,0
436,901,2430,255,0,0
436,901,2435,255,0,0
436,901,2440,255,0,0
436,901,2445,255,0,0
436,901,2450,255,0,0
436,901,2455,255,0,0
436,901,2460,255,0,0
436,901,2465,255,0,0
436,901,2470,255,0,0
436,901,2475,255,0,0
436,901,2480,255,0,0
436,901,2485,255,0,0
436,901,2490,255,0,0
436,901,2495,255,0,0
438,1893,2000,255,0,0
438,1893,2005,255,0,0
438,1893,2010,255,0,0
438,1893,2015,255,0,0
438,1893,2020,255,0,0
438,1893,2025,255,0,0
438,1893,2030,255,0,0
438,1893,2035,255,0,0
438,1893,2040,255,0,0
438,1893,2045,255,0,0
438,1893,2050,255,0,0
438,1893,2055,255,0,0
438,1893,2060,255,0,0
438,1893,2065,255,0,0
438,1893,2070,255,0,0
438,1893,2075,255,0,0
438,1893,2080,255,0,0
438,1893,2085,255,0,0
438,1893,2090,255,0,0
438,1893,2095,255,0,0
438,1893,2100,255,0,0
438,1893,2105,255,0,0
438,1893,2110,255,0,0
438,1893,2115,255,0,0
438,1893,2120,255,0,0
438,1893,2125,255,0,0
438,1893,2130,255,0,0
438,1893,2135,255,0,0
438,1893,2140,255,0,0
438,1893,2145,255,0,0
438,1893,2150,255,0,0
438,1893,2155,255,0,0
438,1893,2160,255,0,0
438,1893,2165,255,0,0
438,1893,2170,255,0,0
438,1893,2175,255,0,0
438,1893,2180,255,0,0
438,1893,2185,255,0,0
438,1893,2190,255,0,0
438,1893,2195,255,0,0
438,1893,2200,255,0,0
438,1893,2205,255,0,0
438,1893,2210,255,0,0
438,1893,2215,255,0,0
438,1893,2220,255,0,0
438,1893,2225,255,0,0
438,1893,2230,255,0,0
438,1893,2235,255,0,0
438,1893,2240,255,0,0
438,1893,2245,255,0,0
438,1893,2250,255,0,0
438,1893,2255,255,0,0
438,1893,2260,255,0,0
438,1893,2265,255,0,0
438,1893,2270,255,0,0
438,1893,2275,255,0,0
438,1893,2280,255,0,0
438,1893,2285,255,0,0
438,1893,2290,255,0,0
438,1893,2295,255,0,0
438,1893,2300,255,0,0
438,1893,2305,255,0,0
438,1893,2310,255,0,0
438,1893,2315,255,0,0
438,1893,2320,255,0,0
438,1893,2325,255,0,0
438,1893,2330,255,0,0
438,1893,2335,255,0,0
438,1893,2340,255,0,0
438,1893,2345,255,0,0
438,1893,2350,255,0,0
438,1893,2355,255,0,0
438,1893,2360,255,0,0
438,1893,2365,255,0,0
438,1893,2370,255,0,0
438,1893,2375,255,0,0
438,1893,2380,255,0,0
438,1893,2385,255,0,0
438,1893,2390,255,0,0
438,1893,2395,255,0,0
438,1893,2400,255,0,0
438,1893,2405,255,0,0
438,1893,2410,255,0,0
438,1893,2415,255,0,0
438,1893,2420,255,0,0
438,1893,2425,255,0,0
438,1893,2430,255,0,0
438,1893,2435,255,0,0
438,1893,2440,255,0,0
438,1893,2445,255,0,0
438,1893,2450,255,0,0
438,1893,2455,255,0,0
438,1893,2460,255,0,0
438,1893,2465,255,0,0
438,1893,2470,255,0,0
438,1893,2475,255,0,0
438,1893,2480,255,0,0
438,1893,2485,255,0,0
438,1893,2490,255,0,0
438,1893,2495,255,0,0
559,2795,2000,255,0,0
559,2795,2005,255,0,0
559,2795,2010,255,0,0
559,2795,2015,255,0,0
559,2795,2020,255,0,0
559,2795,2025,255,0,0
559,2795,2030,255,0,0
559,2795,2035,255,0,0
559,2795,2040,255,0,0
559,2795,2045,255,0,0
559,2795,2050,255,0,0
559,2795,2055,255,0,0
559,2795,2060,255,0,0
559,2795,2065,255,0,0
559,2795,2070,255,0,0
559,2795,2075,255,0,0
559,2795,2080,255,0,0
559,2795,2085,255,0,0
559,2795,2090,255,0,0
559,2795,2095,255,0,0
559,2795,2100,255,0,0
559,2795,2105,255,0,0
559,2795,2110,255,0,0
559,2795,2115,255,0,0
559,2795,2120,255,0,0
559,2795,2125,255,0,0
559,2795,2130,255,0,0
559,2795,2135,255,0,0
559,2795,2140,255,0,0
559,2795,2145,255,0,0
559,2795,2150,255,0,0
559,2795,2155,255,0,0
559,2795,2160,255,0,0
559,2795,2165,255,0,0
559,2795,2170,255,0,0
559,2795,2175,255,0,0
559,2795,2180,255,0,0
559,2795,2185,255,0,0
559,2795,2190,255,0,0
559,2795,2195,255,0,0
559,2795,2200,255,0,0
559,2795,2205,255,0,0
559,2795,2210,255,0,0
559,2795,2215,255,0,0
559,2795,2220,255,0,0
559,2795,2225,255,0,0
559,2795,2230,255,0,0
559,2795,2235,255,0,0
559,2795,2240,255,0,0
559,2795,2245,255,0,0
559,2795,2250,255,0,0
559,2795,2255,255,0,0
559,2795,2260,255,0,0
559,2795,2265,255,0,0
559,2795,2270,255,0,0
559,2795,2275,255,0,0
559,2795,2280,255,0,0
559,2795,2285,255,0,0
559,2795,2290,255,0,0
559,2795,2295,255,0,0
559,2795,2300,255,0,0
559,2795,2305,255,0,0
559,2795,2310,255,0,0
559,2795,2315,255,0,0
559,2795,2320,255,0,0
559,2795,2325,255,0,0
559,2795,2330,255,0,0
559,2795,2335,255,0,0
559,2795,2340,255,0,0
559,2795,2345,255,0,0
559,2795,2350,255,0,0
559,2795,2355,255,0,0
559,2795,2360,255,0,0
559,2795,2365,255,0,0
559,2795,2370,255,0,0
559,2795,2375,255,0,0
559,2795,2380,255,0,0
559,2795,2385,255,0,0
559,2795,2390,255,0,0
559,2795,2395,255,0,0
559,2795,2400,255,0,0
559,2795,2405,255,0,0
559,2795,2410,255,0,0
559,2795,2415,255,0,0
559,2795,2420,255,0,0
559,2795,2425,255,0,0
559,2795,2430,255,0,0
559,2795,2435,255,0,0
559,2795,2440,255,0,0
559,2795,2445,255,0,0
559,2795,2450,255,0,0
559,2795,2455,255,0,0
559,2795,2460,255,0,0
559,2795,2465,255,0,0
559,2795,2470,255,0,0
559,2795,2475,255,0,0
559,2795,2480,255,0,0
559,2795,2485,255,0,0
559,2795,2490,255,0,0
559,2795,2495,255,0,0
296,2024,2500,255,0,0
296,2024,2505,255,0,0
296,2024,2510,255,0,0
296,2024,2515,255,0,0
296,2024,2520,255,0,0
296,2024,2525,255,0,0
296,2024,2530,255,0,0
296,2024,2535,255,0,0
296,2024,2540,255,0,0
296,2024,2545,255,0,0
296,2024,2550,255,0,0
296,2024,2555,255,0,0
296,2024,2560,255,0,0
296,2024,2565,255,0,0
296,2024,2570,255,0,0
296,2024,2575,255,0,0
296,2024,2580,255,0,0
296,2024,2585,255,0,0
296,2024,2590,255,0,0
296,2024,2595,255,0,0
296,2024,2600,255,0,0
296,2024,2605,255,0,0
296,2024,2610,255,0,0
296,2024,2615,255,0,0
296,2024,2620,255,0,0
296,2024,2625,255,0,0
296,2024,2630,255,0,0
296,2024,2635,255,0,0
296,2024,2640,255,0,0
296,2024,2645,255,0,0
296,2024,2650,255,0,0
296,2024,2655,255,0,0
296,2024,2660,255,0,0
296,2024,2665,255,0,0
296,2024,2670,255,0,0
296,2024,2675,255,0,0
296,2024,2680,255,0,0
296,2024,2685,255,0,0
296,2024,2690,255,0,0
296,2024,2695,255,0,0
296,2024,2700,255,0,0
296,2024,2705,255,0,0
296,2024,2710,255,0,0
296,2024,2715,255,0,0
296,2024,2720,255,0,0
296,2024,2725,255,0,0
296,2024,2730,255,0,0
296,2024,2735,255,0,0
296,2024,2740,255,0,0
296,2024,2745,255,0,0
296,2024,2750,255,0,0
296,2024,2755,255,0,0
296,2024,2760,255,0,0
296,2024,2765,255,0,0
296,2024,2770,255,0,0
296,2024,2775,255,0,0
296,2024,2780,255,0,0
296,2024,2785,255,0,0
296,2024,2790,255,0,0
296,2024,2795,255,0,0
296,2024,2800,255,0,0
296,2024,2805,255,0,0
296,2024,2810,255,0,0
296,2024,2815,255,0,0
296,2024,2820,255,0,0
296,2024,2825,255,0,0
296,2024,2830,255,0,0
296,2024,2835,255,0,0
296,2024,2840,255,0,0
296,2024,2845,255,0,0
296,2024,2850,255,0,0
296,2024,2855,255,0,0
296,2024,2860,255,0,0
296,2024,2865,255,0,0
296,2024,2870,255,0,0
296,2024,2875,255,0,0
296,2024,2880,255,0,0
296,2024,2885,255,0,0
296,2024,2890,255,0,0
296,2024,2895,255,0,0
296,2024,2900,255,0,0
296,2024,2905,255,0,0
296,2024,2910,255,0,0
296,2024,2915,255,0,0
296,2024,2920,255,0,0
296,2024,2925,255,0,0
296,2024,2930,255,0,0
296,2024,2935,255,0,0
296,2024,2940,255,0,0
296,2024,2945,255,0,0
296,2024,2950,255,0,0
296,2024,2955,255,0,0
296,2024,2960,255,0,0
296,2024,2965,255,0,0
296,2024,2970,255,0,0
296,2024,2975,255,0,0
296,2024,2980,255,0,0
296,2024,2985,255,0,0
296,2024,2990,255,0,0
296,2024,2995,255,0,0
272,2114,2500,255,0,0
272,2114,2505,255,0,0
272,2114,2510,255,0,0
272,2114,2515,255,0,0
272,2114,2520,255,0,0
272,2114,2525,255,0,0
272,2114,2530,255,0,0
272,2114,2535,255,0,0
272,2114,2540,255,0,0
272,2114,2545,255,0,0
272,2114,2550,255,0,0
272,2114,2555,255,0,0
272,2114,2560,255,0,0
272,2114,2565,255,0,0
272,2114,2570,255,0,0
272,2114,2575,255,0,0
272,2114,2580,255,0,0
272,2114,2585,255,0,0
272,2114,2590,255,0,0
272,2114,2595,255,0,0
272,2114,2600,255,0,0
272,2114,2605,255,0,0
272,2114,2610,255,0,0
272,2114,2615,255,0,0
272,2114,2620,255,0,0
272,2114,2625,255,0,0
272,2114,2630,255,0,0
272,2114,2635,255,0,0
272,2114,2640,255,0,0
272,2114,2645,255,0,0
272,2114,2650,255,0,0
272,2114,2655,255,0,0
272,2114,2660,255,0,0
272,2114,2665,255,0,0
272,2114,2670,255,0,0
272,2114,2675,255,0,0
272,2114,2680,255,0,0
272,2114,2685,255,0,0
272,2114,2690,255,0,0
272,2114,2695,255,0,0
272,2114,2700,255,0,0
272,2114,2705,255,0,0
272,2114,2710,255,0,0
272,2114,2715,255,0,0
272,2114,2720,255,0,0
272,2114,2725,255,0,0
272,2114,2730,255,0,0
272,2114,2735,255,0,0
272,2114,2740,255,0,0
272,2114,2745,255,0,0
272,2114,2750,255,0,0
272,2114,2755,255,0,0
272,2114,2760,255,0,0
272,2114,2765,255,0,0
272,2114,2770,255,0,0
272,2114,2775,255,0,0
272,2114,2780,255,0,0
272,2114,2785,255,0,0
272,2114,2790,255,0,0
272,2114,2795,255,0,0
272,2114,2800,255,0,0
272,2114,2805,255,0,0
272,2114,2810,255,0,0
272,2114,2815,255,0,0
272,2114,2820,255,0,0
272,2114,2825,255,0,0
272,2114,2830,255,0,0
272,2114,2835,255,0,0
272,2114,2840,255,0,0
272,2114,2845,255,0,0
272,2114,2850,255,0,0
272,2114,2855,255,0,0
272,2114,2860,255,0,0
272,2114,2865,255,0,0
272,2114,2870,255,0,0
272,2114,2875,255,0,0
272,2114,2880,255,0,0
272,2114,2885,255,0,0
272,2114,2890,255,0,0
272,2114,2895,255,0,0
272,2114,2900,255,0,0
272,2114,2905,255,0,0
272,2114,2910,255,0,0
272,2114,2915,255,0,0
272,2114,2920,255,0,0
272,2114,2925,255,0,0
272,2114,2930,255,0,0
272,2114,2935,255,0,0
272,2114,2940,255,0,0
272,2114,2945,255,0,0
272,2114,2950,255,0,0
272,2114,2955,255,0,0
272,2114,2960,255,0,0
272,2114,2965,255,0,0
272,2114,2970,255,0,0
272,2114,2975,255,0,0
272,2114,2980,255,0,0
272,2114,2985,255,0,0
272,2114,2990,255,0,0
272,2114,2995,255,0,0
342,2864,2500,255,0,0
342,2864,2505,255,0,0
342,2864,2510,255,0,0
342,2864,2515,255,0,0
342,2864,2520,255,0,0
342,2864,2525,255,0,0
342,2864,2530,255,0,0
342,2864,2535,255,0,0
342,2864,2540,255,0,0
342,2864,2545,255,0,0
342,2864,2550,255,0,0
342,2864,2555,255,0,0
342,2864,2560,255,0,0
342,2864,2565,255,0,0
342,2864,2570,255,0,0
342,2864,2575,255,0,0
342,2864,2580,255,0,0
342,2864,2585,255,0,0
342,2864,2590,255,0,0
342,2864,2595,255,0,0
342,2864,2600,255,0,0
342,2864,2605,255,0,0
342,2864,2610,255,0,0
342,2864,2615,255,0,0
342,2864,2620,255,0,0
342,2864,2625,255,0,0
342,2864,2630,255,0,0
342,2864,2635,255,0,0
342,2864,2640,255,0,0
342,2864,2645,255,0,0
342,2864,2650,255,0,0
342,2864,2655,255,0,0
342,2864,2660,255,0,0
342,2864,2665,255,0,0
342,2864,2670,255,0,0
342,2864,2675,255,0,0
342,2864,2680,255,0,0
342,2864,2685,255,0,0
342,2864,2690,255,0,0
342,2864,2695,255,0,0
342,2864,2700,255,0,0
342,2864,2705,255,0,0
342,2864,2710,255,0,0
342,2864,2715,255,0,0
342,2864,2720,255,0,0
342,2864,2725,255,0,0
342,2864,2730,255,0,0
342,2864,2735,255,0,0
342,2864,2740,255,0,0
342,2864,2745,255,0,0
342,2864,2750,255,0,0
342,2864,2755,255,0,0
342,2864,2760,255,0,0
342,2864,2765,255,0,0
342,2864,2770,255,0,0
342,2864,2775,255,0,0
342,2864,2780,255,0,0
342,2864,2785,255,0,0
342,2864,2790,255,0,0
342,2864,2795,255,0,0
342,2864,2800,255,0,0
342,2864,2805,255,0,0
342,2864,2810,255,0,0
342,2864,2815,255,0,0
342,2864,2820,255,0,0
342,2864,2825,255,0,0
342,2864,2830,255,0,0
342,2864,2835,255,0,0
342,2864,2840,255,0,0
342,2864,2845,255,0,0
342,2864,2850,255,0,0
342,2864,2855,255,0,0
342,2864,2860,255,0,0
342,2864,2865,255,0,0
342,2864,2870,255,0,0
342,2864,2875,255,0,0
342,2864,2880,255,0,0
342,2864,2885,255,0,0
342,2864,2890,255,0,0
342,2864,2895,255,0,0
342,2864,2900,255,0,0
342,2864,2905,255,0,0
342,2864,2910,255,0,0
342,2864,2915,255,0,0
342,2864,2920,255,0,0
342,2864,2925,255,0,0
342,2864,2930,255,0,0
342,2864,2935,255,0,0
342,2864,2940,255,0,0
342,2864,2945,255,0,0
342,2864,2950,255,0,0
342,2864,2955,255,0,0
342,2864,2960,255,0,0
342,2864,2965,255,0,0
342,2864,2970,255,0,0
342,2864,2975,255,0,0
342,2864,2980,255,0,0
342,2864,2985,255,0,0
342,2864,2990,255,0,0
342,2864,2995,255,0,0
345,820,2500,255,0,0
345,820,2505,255,0,0
345,820,2510,255,0,0
345,820,2515,255,0,0
345,820,2520,255,0,0
345,820,2525,255,0,0
345,820,2530,255,0,0
345,820,2535,255,0,0
345,820,2540,255,0,0
345,820,2545,255,0,0
345,820,2550,255,0,0
345,820,2555,255,0,0
345,820,2560,255,0,0
345,820,2565,255,0,0
345,820,2570,255,0,0
345,820,2575,255,0,0
345,820,2580,255,0,0
345,820,2585,255,0,0
345,820,2590,255,0,0
345,820,2595,255,0,0
345,820,2600,255,0,0
345,820,2605,255,0,0
345,820,2610,255,0,0
345,820,2615,255,0,0
345,820,2620,255,0,0
345,820,2625,255,0,0
345,820,2630,255,0,0
345,820,2635,255,0,0
345,820,2640,255,0,0
345,820,2645,255,0,0
345,820,2650,255,0,0
345,820,2655,255,0,0
345,820,2660,255,0,0
345,820,2665,255,0,0
345,820,2670,255,0,0
345,820,2675,255,0,0
345,820,2680,255,0,0
345,820,2685,255,0,0
345,820,2690,255,0,0
345,820,2695,255,0,0
345,820,2700,255,0,0
345,820,2705,255,0,0
345,820,2710,255,0,0
345,820,2715,255,0,0
345,820,2720,255,0,0
345,820,2725,255,0,0
345,820,2730,255,0,0
345,820,2735,255,0,0
345,820,2740,255,0,0
345,820,2745,255,0,0
345,820,2750,255,0,0
345,820,2755,255,0,0
345,820,2760,255,0,0
345,820,2765,255,0,0
345,820,2770,255,0,0
345,820,2775,255,0,0
345,820,2780,255,0,0
345,820,2785,255,0,0
345,820,2790,255,0,0
345,820,2795,255,0,0
345,820,2800,255,0,0
345,820,2805,255,0,0
345,820,2810,255,0,0
345,820,2815,255,0,0
345,820,2820,255,0,0
345,820,2825,255,0,0
345,820,2830,255,0,0
345,820,2835,255,0,0
345,820,2840,255,0,0
345,820,2845,255,0,0
345,820,2850,255,0,0
345,820,2855,255,0,0
345,820,2860,255,0,0
345,820,2865,255,0,0
345,820,2870,255,0,0
345,820,2875,255,0,0
345,820,2880,255,0,0
345,820,2885,255,0,0
345,820,2890,255,0,0
345,820,2895,255,0,0
345,820,2900,255,0,0
345,820,2905,255,0,0
345,820,2910,255,0,0
345,820,2915,255,0,0
345,820,2920,255,0,0
345,820,2925,255,0,0
345,820,2930,255,0,0
345,820,2935,255,0,0
345,820,2940,255,0,0
345,820,2945,255,0,0
345,820,2950,255,0,0
345,820,2955,255,0,0
345,820,2960,255,0,0
345,820,2965,255,0,0
345,820,2970,255,0,0
345,820,2975,255,0,0
345,820,2980,255,0,0
345,820,2985,255,0,0
345,820,2990,255,0,0
345,820,2995,255,0,0
411,2179,2500,255,0,0
411,2179,2505,255,0,0
411,2179,2510,255,0,0
411,2179,2515,255,0,0
411,2179,2520,255,0,0
411,2179,2525,255,0,0
411,2179,2530,255,0,0
411,2179,2535,255,0,0
411,2179,2540,255,0,0
411,2179,2545,255,0,0
411,2179,2550,255,0,0
411,2179,2555,255,0,0
411,2179,2560,255,0,0
411,2179,2565,255,0,0
411,2179,2570,255,0,0
411,2179,2575,255,0,0
411,2179,2580,255,0,0
411,2179,2585,255,0,0
411,2179,2590,255,0,0
411,2179,2595,255,0,0
411,2179,2600,255,0,0
411,2179,2605,255,0,0
411,2179,2610,255,0,0
411,2179,2615,255,0,0
411,2179,2620,255,0,0
411,2179,2625,255,0,0
411,2179,2630,255,0,0
411,2179,2635,255,0,0
411,2179,2640,255,0,0
411,2179,2645,255,0,0
411,2179,2650,255,0,0
411,2179,2655,255,0,0
411,2179,2660,255,0,0
411,2179,2665,255,0,0
411,2179,2670,255,0,0
411,2179,2675,255,0,0
411,2179,2680,255,0,0
411,2179,2685,255,0,0
411,2179,2690,255,0,0
411,2179,2695,255,0,0
411,2179,2700,255,0,0
411,2179,2705,255,0,0
411,2179,2710,255,0,0
411,2179,2715,255,0,0
411,2179,2720,255,0,0
411,2179,2725,255,0,0
411,2179,2730,255,0,0
411,2179,2735,255,0,0
411,2179,2740,255,0,0
411,2179,2745,255,0,0
411,2179,2750,255,0,0
411,2179,2755,255,0,0
411,2179,2760,255,0,0
411,2179,2765,255,0,0
411,2179,2770,255,0,0
411,2179,2775,255,0,0
411,2179,2780,255,0,0
411,2179,2785,255,0,0
411,2179,2790,255,0,0
411,2179,2795,255,0,0
411,2179,2800,255,0,0
411,2179,2805,255,0,0
411,2179,2810,255,0,0
411,2179,2815,255,0,0
411,2179,2820,255,0,0
411,2179,2825,255,0,0
411,2179,2830,255,0,0
411,2179,2835,255,0,0
411,2179,2840,255,0,0
411,2179,2845,255,0,0
411,2179,2850,255,0,0
411,2179,2855,255,0,0
411,2179,2860,255,0,0
411,2179,2865,255,0,0
411,2179,2870,255,0,0
411,2179,2875,255,0,0
411,2179,2880,255,0,0
411,2179,2885,255,0,0
411,2179,2890,255,0,0
411,2179,2895,255,0,0
411,2179,2900,255,0,0
411,2179,2905,255,0,0
411,2179,2910,255,0,0
411,2179,2915,255,0,0
411,2179,2920,255,0,0
411,2179,2925,255,0,0
411,2179,2930,255,0,0
411,2179,2935,255,0,0
411,2179,2940,255,0,0
411,2179,2945,255,0,0
411,2179,2950,255,0,0
411,2179,2955,255,0,0
411,2179,2960,255,0,0
411,2179,2965,255,0,0
411,2179,2970,255,0,0
411,2179,2975,255,0,0
411,2179,2980,255,0,0
411,2179,2985,255,0,0
411,2179,2990,255,0,0
411,2179,2995,255,0,0
436,901,2500,255,0,0
436,901,2505,255,0,0
436,901,2510,255,0,0
436,901,2515,255,0,0
436,901,2520,255,0,0
436,901,2525,255,0,0
436,901,2530,255,0,0
436,901,2535,255,0,0
436,901,2540,255,0,0
436,901,2545,255,0,0
436,901,2550,255,0,0
436,901,2555,255,0,0
436,901,2560,255,0,0
436,901,2565,255,0,0
436,901,2570,255,0,0
436,901,2575,255,0,0
436,901,2580,255,0,0
436,901,2585,255,0,0
436,901,2590,255,0,0
436,901,2595,255,0,0
436,901,2600,255,0,0
436,901,2605,255,0,0
436,901,2610,255,0,0
436,901,2615,255,0,0
436,901,2620,255,0,0
436,901,2625,255,0,0
436,901,2630,255,0,0
436,901,2635,255,0,0
436,901,2640,255,0,0
436,901,2645,255,0,0
436,901,2650,255,0,0
436,901,2655,255,0,0
436,901,2660,255,0,0
436,901,2665,255,0,0
436,901,2670,255,0,0
436,901,2675,255,0,0
436,901,2680,255,0,0
436,901,2685,255,0,0
436,901,2690,255,0,0
436,901,2695,255,0,0
436,901,2700,255,0,0
436,901,2705,255,0,0
436,901,2710,255,0,0
436,901,2715,255,0,0
436,901,2720,255,0,0
436,901,2725,255,0,0
436,901,2730,255,0,0
436,901,2735,255,0,0
436,901,2740,255,0,0
436,901,2745,255,0,0
436,901,2750,255,0,0
436,901,2755,255,0,0
436,901,2760,255,0,0
436,901,2765,255,0,0
436,901,2770,255,0,0
436,901,2775,255,0,0
436,901,2780,255,0,0
436,901,2785,255,0,0
436,901,2790,255,0,0
436,901,2795,255,0,0
436,901,2800,255,0,0
436,901,2805,255,0,0
436,901,2810,255,0,0
436,901,2815,255,0,0
436,901,2820,255,0,0
436,901,2825,255,0,0
436,901,2830,255,0,0
436,901,2835,255,0,0
436,901,2840,255,0,0
436,901,2845,255,0,0
436,901,2850,255,0,0
436,901,2855,255,0,0
436,901,2860,255,0,0
436,901,2865,255,0,0
436,901,2870,255,0,0
436,901,2875,255,0,0
436,901,2880,255,0,0
436,901,2885,255,0,0
436,901,2890,255,0,0
436,901,2895,255,0,0
436,901,2900,255,0,0
436,901,2905,255,0,0
436,901,2910,255,0,0
436,901,2915,255,0,0
436,901,2920,255,0,0
436,901,2925,255,0,0
436,901,2930,255,0,0
436,901,2935,255,0,0
436,901,2940,255,0,0
436,901,2945,255,0,0
436,901,2950,255,0,0
436,901,2955,255,0,0
436,901,2960,255,0,0
436,901,2965,255,0,0
436,901,2970,255,0,0
436,901,2975,255,0,0
436,901,2980,255,0,0
436,901,2985,255,0,0
436,901,2990,255,0,0
436,901,2995,255,0,0
438,1895,2500,255,0,0
438,1895,2505,255,0,0
438,1895,2510,255,0,0
438,1895,2515,255,0,0
438,1895,2520,255,0,0
438,1895,2525,255,0,0
438,1895,2530,255,0,0
438,1895,2535,255,0,0
438,1895,2540,255,0,0
438,1895,2545,255,0,0
438,1895,2550,255,0,0
438,1895,2555,255,0,0
438,1895,2560,255,0,0
438,1895,2565,255,0,0
438,1895,2570,255,0,0
438,1895,2575,255,0,0
438,1895,2580,255,0,0
438,1895,2585,255,0,0
438,1895,2590,255,0,0
438,1895,2595,255,0,0
438,1895,2600,255,0,0
438,1895,2605,255,0,0
438,1895,2610,255,0,0
438,1895,2615,255,0,0
438,1895,2620,255,0,0
438,1895,2625,255,0,0
438,1895,2630,255,0,0
438,1895,2635,255,0,0
438,1895,2640,255,0,0
438,1895,2645,255,0,0
438,1895,2650,255,0,0
438,1895,2655,255,0,0
438,1895,2660,255,0,0
438,1895,2665,255,0,0
438,1895,2670,255,0,0
438,1895,2675,255,0,0
438,1895,2680,255,0,0
438,1895,2685,255,0,0
438,1895,2690,255,0,0
438,1895,2695,255,0,0
438,1895,2700,255,0,0
438,1895,2705,255,0,0
438,1895,2710,255,0,0
438,1895,2715,255,0,0
438,1895,2720,255,0,0
438,1895,2725,255,0,0
438,1895,2730,255,0,0
438,1895,2735,255,0,0
438,1895,2740,255,0,0
438,1895,2745,255,0,0
438,1895,2750,255,0,0
438,1895,2755,255,0,0
438,1895,2760,255,0,0
438,1895,2765,255,0,0
438,1895,2770,255,0,0
438,1895,2775,255,0,0
438,1895,2780,255,0,0
438,1895,2785,255,0,0
438,1895,2790,255,0,0
438,1895,2795,255,0,0
438,1895,2800,255,0,0
438,1895,2805,255,0,0
438,1895,2810,255,0,0
438,1895,2815,255,0,0
438,1895,2820,255,0,0
438,1895,2825,255,0,0
438,1895,2830,255,0,0
438,1895,2835,255,0,0
438,1895,2840,255,0,0
438,1895,2845,255,0,0
438,1895,2850,255,0,0
438,1895,2855,255,0,0
438,1895,2860,255,0,0
438,1895,2865,255,0,0
438,1895,2870,255,0,0
438,1895,2875,255,0,0
438,1895,2880,255,0,0
438,1895,2885,255,0,0
438,1895,2890,255,0,0
438,1895,2895,255,0,0
438,1895,2900,255,0,0
438,1895,2905,255,0,0
438,1895,2910,255,0,0
438,1895,2915,255,0,0
438,1895,2920,255,0,0
438,1895,2925,255,0,0
438,1895,2930,255,0,0
438,1895,2935,255,0,0
438,1895,2940,255,0,0
438,1895,2945,255,0,0
438,1895,2950,255,0,0
438,1895,2955,255,0,0
438,1895,2960,255,0,0
438,1895,2965,255,0,0
438,1895,2970,255,0,0
438,1895,2975,255,0,0
438,1895,2980,255,0,0
438,1895,2985,255,0,0
438,1895,2990,255,0,0
438,1895,2995,255,0,0
296,2024,3000,255,0,0
296,2024,3005,255,0,0
296,2024,3010,255,0,0
296,2024,3015,255,0,0
296,2024,3020,255,0,0
296,2024,3025,255,0,0
296,2024,3030,255,0,0
296,2024,3035,255,0,0
296,2024,3040,255,0,0
296,2024,3045,255,0,0
296,2024,3050,255,0,0
296,2024,3055,255,0,0
296,2024,3060,255,0,0
296,2024,3065,255,0,0
296,2024,3070,255,0,0
296,2024,3075,255,0,0
296,2024,3080,255,0,0
296,2024,3085,255,0,0
296,2024,3090,255,0,0
296,2024,3095,255,0,0
296,2024,3100,255,0,0
296,2024,3105,255,0,0
296,2024,3110,255,0,0
296,2024,3115,255,0,0
296,2024,3120,255,0,0
296,2024,3125,255,0,0
296,2024,3130,255,0,0
296,2024,3135,255,0,0
296,2024,3140,255,0,0
296,2024,3145,255,0,0
296,2024,3150,255,0,0
296,2024,3155,255,0,0
296,2024,3160,255,0,0
296,2024,3165,255,0,0
296,2024,3170,255,0,0
296,2024,3175,255,0,0
296,2024,3180,255,0,0
296,2024,3185,255,0,0
296,2024,3190,255,0,0
296,2024,3195,255,0,0
296,2024,3200,255,0,0
296,2024,3205,255,0,0
296,2024,3210,255,0,0
296,2024,3215,255,0,0
296,2024,3220,255,0,0
296,2024,3225,255,0,0
296,2024,3230,255,0,0
296,2024,3235,255,0,0
296,2024,3240,255,0,0
296,2024,3245,255,0,0
296,2024,3250,255,0,0
296,2024,3255,255,0,0
296,2024,3260,255,0,0
296,2024,3265,255,0,0
296,2024,3270,255,0,0
296,2024,3275,255,0,0
296,2024,3280,255,0,0
296,2024,3285,255,0,0
296,2024,3290,255,0,0
296,2024,3295,255,0,0
296,2024,3300,255,0,0
296,2024,3305,255,0,0
296,2024,3310,255,0,0
296,2024,3315,255,0,0
296,2024,3320,255,0,0
296,2024,3325,255,0,0
296,2024,3330,255,0,0
296,2024,3335,255,0,0
296,2024,3340,255,0,0
296,2024,3345,255,0,0
296,2024,3350,255,0,0
296,2024,3355,255,0,0
296,2024,3360,255,0,0
296,2024,3365,255,0,0
296,2024,3370,255,0,0
296,2024,3375,255,0,0
296,2024,3380,255,0,0
296,2024,3385,255,0,0
296,2024,3390,255,0,0
296,2024,3395,255,0,0
296,2024,3400,255,0,0
296,2024,3405,255,0,0
296,2024,3410,255,0,0
296,2024,3415,255,0,0
296,2024,3420,255,0,0
296,2024,3425,255,0,0
296,2024,3430,255,0,0
296,2024,3435,255,0,0
296,2024,3440,255,0,0
296,2024,3445,255,0,0
296,2024,3450,255,0,0
296,2024,3455,255,0,0
296,2024,3460,255,0,0
296,2024,3465,255,0,0
296,2024,3470,255,0,0
296,2024,3475,255,0,0
296,2024,3480,255,0,0
296,2024,3485,255,0,0
296,2024,3490,255,0,0
296,2024,3495,255,0,0
272,2114,3000,255,0,0
272,2114,3005,255,0,0
272,2114,3010,255,0,0
272,2114,3015,255,0,0
272,2114,3020,255,0,0
272,2114,3025,255,0,0
272,2114,3030,255,0,0
272,2114,3035,255,0,0
272,2114,3040,255,0,0
272,2114,3045,255,0,0
272,2114,3050,255,0,0
272,2114,3055,255,0,0
272,2114,3060,255,0,0
272,2114,3065,255,0,0
272,2114,3070,255,0,0
272,2114,3075,255,0,0
272,2114,3080,255,0,0
272,2114,3085,255,0,0
272,2114,3090,255,0,0
272,2114,3095,255,0,0
272,2114,3100,255,0,0
272,2114,3105,255,0,0
272,2114,3110,255,0,0
272,2114,3115,255,0,0
272,2114,3120,255,0,0
272,2114,3125,255,0,0
272,2114,3130,255,0,0
272,2114,3135,255,0,0
272,2114,3140,255,0,0
272,2114,3145,255,0,0
272,2114,3150,255,0,0
272,2114,3155,255,0,0
272,2114,3160,255,0,0
272,2114,3165,255,0,0
272,2114,3170,255,0,0
272,2114,3175,255,0,0
272,2114,3180,255,0,0
272,2114,3185,255,0,0
272,2114,3190,255,0,0
272,2114,3195,255,0,0
272,2114,3200,255,0,0
272,2114,3205,255,0,0
272,2114,3210,255,0,0
272,2114,3215,255,0,0
272,2114,3220,255,0,0
272,2114,3225,255,0,0
272,2114,3230,255,0,0
272,2114,3235,255,0,0
272,2114,3240,255,0,0
272,2114,3245,255,0,0
272,2114,3250,255,0,0
272,2114,3255,255,0,0
272,2114,3260,255,0,0
272,2114,3265,255,0,0
272,2114,3270,255,0,0
272,2114,3275,255,0,0
272,2114,3280,255,0,0
272,2114,3285,255,0,0
272,2114,3290,255,0,0
272,2114,3295,255,0,0
272,2114,3300,255,0,0
272,2114,3305,255,0,0
272,2114,3310,255,0,0
272,2114,3315,255,0,0
272,2114,3320,255,0,0
272,2114,3325,255,0,0
272,2114,3330,255,0,0
272,2114,3335,255,0,0
272,2114,3340,255,0,0
272,2114,3345,255,0,0
272,2114,3350,255,0,0
272,2114,3355,255,0,0
272,2114,3360,255,0,0
272,2114,3365,255,0,0
272,2114,3370,255,0,0
272,2114,3375,255,0,0
272,2114,3380,255,0,0
272,2114,3385,255,0,0
272,2114,3390,255,0,0
272,2114,3395,255,0,0
272,2114,3400,255,0,0
272,2114,3405,255,0,0
272,2114,3410,255,0,0
272,2114,3415,255,0,0
272,2114,3420,255,0,0
272,2114,3425,255,0,0
272,2114,3430,255,0,0
272,2114,3435,255,0,0
272,2114,3440,255,0,0
272,2114,3445,255,0,0
272,2114,3450,255,0,0
272,2114,3455,255,0,0
272,2114,3460,255,0,0
272,2114,3465,255,0,0
272,2114,3470,255,0,0
272,2114,3475,255,0,0
272,2114,3480,255,0,0
272,2114,3485,255,0,0
272,2114,3490,255,0,0
272,2114,3495,255,0,0
342,2863,3000,255,0,0
342,2863,3005,255,0,0
342,2863,3010,255,0,0
342,2863,3015,255,0,0
342,2863,3020,255,0,0
342,2863,3025,255,0,0
342,2863,3030,255,0,0
342,2863,3035,255,0,0
342,2863,3040,255,0,0
342,2863,3045,255,0,0
342,2863,3050,255,0,0
342,2863,3055,255,0,0
342,2863,3060,255,0,0
342,2863,3065,255,0,0
342,2863,3070,255,0,0
342,2863,3075,255,0,0
342,2863,3080,255,0,0
342,2863,3085,255,0,0
342,2863,3090,255,0,0
342,2863,3095,255,0,0
342,2863,3100,255,0,0
342,2863,3105,255,0,0
342,2863,3110,255,0,0
342,2863,3115,255,0,0
342,2863,3120,255,0,0
342,2863,3125,255,0,0
342,2863,3130,255,0,0
342,2863,3135,255,0,0
342,2863,3140,255,0,0
342,2863,3145,255,0,0
342,2863,3150,255,0,0
342,2863,3155,255,0,0
342,2863,3160,255,0,0
342,2863,3165,255,0,0
342,2863,3170,255,0,0
342,2863,3175,255,0,0
342,2863,3180,255,0,0
342,2863,3185,255,0,0
342,2863,3190,255,0,0
342,2863,3195,255,0,0
342,2863,3200,255,0,0
342,2863,3205,255,0,0
342,2863,3210,255,0,0
342,2863,3215,255,0,0
342,2863,3220,255,0,0
342,2863,3225,255,0,0
342,2863,3230,255,0,0
342,2863,3235,255,0,0
342,2863,3240,255,0,0
342,2863,3245,255,0,0
342,2863,3250,255,0,0
342,2863,3255,255,0,0
342,2863,3260,255,0,0
342,2863,3265,255,0,0
342,2863,3270,255,0,0
342,2863,3275,255,0,0
342,2863,3280,255,0,0
342,2863,3285,255,0,0
342,2863,3290,255,0,0
342,2863,3295,255,0,0
342,2863,3300,255,0,0
342,2863,3305,255,0,0
342,2863,3310,255,0,0
342,2863,3315,255,0,0
342,2863,3320,255,0,0
342,2863,3325,255,0,0
342,2863,3330,255,0,0
342,2863,3335,255,0,0
342,2863,3340,255,0,0
342,2863,3345,255,0,0
342,2863,3350,255,0,0
342,2863,3355,255,0,0
342,2863,3360,255,0,0
342,2863,3365,255,0,0
342,2863,3370,255,0,0
342,2863,3375,255,0,0
342,2863,3380,255,0,0
342,2863,3385,255,0,0
342,2863,3390,255,0,0
342,2863,3395,255,0,0
342,2863,3400,255,0,0
342,2863,3405,255,0,0
342,2863,3410,255,0,0
342,2863,3415,255,0,0
342,2863,3420,255,0,0
342,2863,3425,255,0,0
342,2863,3430,255,0,0
342,2863,3435,255,0,0
342,2863,3440,255,0,0
342,2863,3445,255,0,0
342,2863,3450,255,0,0
342,2863,3455,255,0,0
342,2863,3460,255,0,0
342,2863,3465,255,0,0
342,2863,3470,255,0,0
342,2863,3475,255,0,0
342,2863,3480,255,0,0
342,2863,3485,255,0,0
342,2863,3490,255,0,0
342,2863,3495,255,0,0
346,817,3000,255,0,0
346,817,3005,255,0,0
346,817,3010,255,0,0
346,817,3015,255,0,0
346,817,3020,255,0,0
346,817,3025,255,0,0
346,817,3030,255,0,0
346,817,3035,255,0,0
346,817,3040,255,0,0
346,817,3045,255,0,0
346,817,3050,255,0,0
346,817,3055,255,0,0
346,817,3060,255,0,0
346,817,3065,255,0,0
346,817,3070,255,0,0
346,817,3075,255,0,0
346,817,3080,255,0,0
346,817,3085,255,0,0
346,817,3090,255,0,0
346,817,3095,255,0,0
346,817,3100,255,0,0
346,817,3105,255,0,0
346,817,3110,255,0,0
346,817,3115,255,0,0
346,817,3120,255,0,0
346,817,3125,255,0,0
346,817,3130,255,0,0
346,817,3135,255,0,0
346,817,3140,255,0,0
346,817,3145,255,0,0
346,817,3150,255,0,0
346,817,3155,255,0,0
346,817,3160,255,0,0
346,817,3165,255,0,0
346,817,3170,255,0,0
346,817,3175,255,0,0
346,817,3180,255,0,0
346,817,3185,255,0,0
346,817,3190,255,0,0
346,817,3195,255,0,0
346,817,3200,255,0,0
346,817,3205,255,0,0
346,817,3210,255,0,0
346,817,3215,255,0,0
346,817,3220,255,0,0
346,817,3225,255,0,0
346,817,3230,255,0,0
346,817,3235,255,0,0
346,817,3240,255,0,0
346,817,3245,255,0,0
346,817,3250,255,0,0
346,817,3255,255,0,0
346,817,3260,255,0,0
346,817,3265,255,0,0
346,817,3270,255,0,0
346,817,3275,255,0,0
346,817,3280,255,0,0
346,817,3285,255,0,0
346,817,3290,255,0,0
346,817,3295,255,0,0
346,817,3300,255,0,0
346,817,3305,255,0,0
346,817,3310,255,0,0
346,817,3315,255,0,0
346,817,3320,255,0,0
346,817,3325,255,0,0
346,817,3330,255,0,0
346,817,3335,255,0,0
346,817,3340,255,0,0
346,817,3345,255,0,0
346,817,3350,255,0,0
346,817,3355,255,0,0
346,817,3360,255,0,0
346,817,3365,255,0,0
346,817,3370,255,0,0
346,817,3375,255,0,0
346,817,3380,255,0,0
346,817,3385,255,0,0
346,817,3390,255,0,0
346,817,3395,255,0,0
346,817,3400,255,0,0
346,817,3405,255,0,0
346,817,3410,255,0,0
346,817,3415,255,0,0
346,817,3420,255,0,0
346,817,3425,255,0,0
346,817,3430,255,0,0
346,817,3435,255,0,0
346,817,3440,255,0,0
346,817,3445,255,0,0
346,817,3450,255,0,0
346,817,3455,255,0,0
346,817,3460,255,0,0
346,817,3465,255,0,0
346,817,3470,255,0,0
346,817,3475,255,0,0
346,817,3480,255,0,0
346,817,3485,255,0,0
346,817,3490,255,0,0
346,817,3495,255,0,0
411,2179,3000,255,0,0
411,2179,3005,255,0,0
411,2179,3010,255,0,0
411,2179,3015,255,0,0
411,2179,3020,255,0,0
411,2179,3025,255,0,0
411,2179,3030,255,0,0
411,2179,3035,255,0,0
411,2179,3040,255,0,0
411,2179,3045,255,0,0
411,2179,3050,255,0,0
411,2179,3055,255,0,0
411,2179,3060,255,0,0
411,2179,3065,255,0,0
411,2179,3070,255,0,0
411,2179,3075,255,0,0
411,2179,3080,255,0,0
411,2179,3085,255,0,0
411,2179,3090,255,0,0
411,2179,3095,255,0,0
411,2179,3100,255,0,0
411,2179,3105,255,0,0
411,2179,3110,255,0,0
411,2179,3115,255,0,0
411,2179,3120,255,0,0
411,2179,3125,255,0,0
411,2179,3130,255,0,0
411,2179,3135,255,0,0
411,2179,3140,255,0,0
411,2179,3145,255,0,0
411,2179,3150,255,0,0
411,2179,3155,255,0,0
411,2179,3160,255,0,0
411,2179,3165,255,0,0
411,2179,3170,255,0,0
411,2179,3175,255,0,0
411,2179,3180,255,0,0
411,2179,3185,255,0,0
411,2179,3190,255,0,0
411,2179,3195,255,0,0
411,2179,3200,255,0,0
411,2179,3205,255,0,0
411,2179,3210,255,0,0
411,2179,3215,255,0,0
411,2179,3220,255,0,0
411,2179,3225,255,0,0
411,2179,3230,255,0,0
411,2179,3235,255,0,0
411,2179,3240,255,0,0
411,2179,3245,255,0,0
411,2179,3250,255,0,0
411,2179,3255,255,0,0
411,2179,3260,255,0,0
411,2179,3265,255,0,0
411,2179,3270,255,0,0
411,2179,3275,255,0,0
411,2179,3280,255,0,0
411,2179,3285,255,0,0
411,2179,3290,255,0,0
411,2179,3295,255,0,0
411,2179,3300,255,0,0
411,2179,3305,255,0,0
411,2179,3310,255,0,0
411,2179,3315,255,0,0
411,2179,3320,255,0,0
411,2179,3325,255,0,0
411,2179,3330,255,0,0
411,2179,3335,255,0,0
411,2179,3340,255,0,0
411,2179,3345,255,0,0
411,2179,3350,255,0,0
411,2179,3355,255,0,0
411,2179,3360,255,0,0
411,2179,3365,255,0,0
411,2179,3370,255,0,0
411,2179,3375,255,0,0
411,2179,3380,255,0,0
411,2179,3385,255,0,0
411,2179,3390,255,0,0
411,2179,3395,255,0,0
411,2179,3400,255,0,0
411,2179,3405,255,0,0
411,2179,3410,255,0,0
411,2179,3415,255,0,0
411,2179,3420,255,0,0
411,2179,3425,255,0,0
411,2179,3430,255,0,0
411,2179,3435,255,0,0
411,2179,3440,255,0,0
411,2179,3445,255,0,0
411,2179,3450,255,0,0
411,2179,3455,255,0,0
411,2179,3460,255,0,0
411,2179,3465,255,0,0
411,2179,3470,255,0,0
411,2179,3475,255,0,0
411,2179,3480,255,0,0
411,2179,3485,255,0,0
411,2179,3490,255,0,0
411,2179,3495,255,0,0
436,901,3000,255,0,0
436,901,3005,255,0,0
436,901,3010,255,0,0
436,901,3015,255,0,0
436,901,3020,255,0,0
436,901,3025,255,0,0
436,901,3030,255,0,0
436,901,3035,255,0,0
436,901,3040,255,0,0
436,901,3045,255,0,0
436,901,3050,255,0,0
436,901,3055,255,0,0
436,901,3060,255,0,0
436,901,3065,255,0,0
436,901,3070,255,0,0
436,901,3075,255,0,0
436,901,3080,255,0,0
436,901,3085,255,0,0
436,901,3090,255,0,0
436,901,3095,255,0,0
436,901,3100,255,0,0
436,901,3105,255,0,0
436,901,3110,255,0,0
436,901,3115,255,0,0
436,901,3120,255,0,0
436,901,3125,255,0,0
436,901,3130,255,0,0
436,901,3135,255,0,0
436,901,3140,255,0,0
436,901,3145,255,0,0
436,901,3150,255,0,0
436,901,3155,255,0,0
436,901,3160,255,0,0
436,901,3165,255,0,0
436,901,3170,255,0,0
436,901,3175,255,0,0
436,901,3180,255,0,0
436,901,3185,255,0,0
436,901,3190,255,0,0
436,901,3195,255,0,0
436,901,3200,255,0,0
436,901,3205,255,0,0
436,901,3210,255,0,0
436,901,3215,255,0,0
436,901,3220,255,0,0
436,901,3225,255,0,0
436,901,3230,255,0,0
436,901,3235,255,0,0
436,901,3240,255,0,0
436,901,3245,255,0,0
436,901,3250,255,0,0
436,901,3255,255,0,0
436,901,3260,255,0,0
436,901,3265,255,0,0
436,901,3270,255,0,0
436,901,3275,255,0,0
436,901,3280,255,0,0
436,901,3285,255,0,0
436,901,3290,255,0,0
436,901,3295,255,0,0
436,901,3300,255,0,0
436,901,3305,255,0,0
436,901,3310,255,0,0
436,901,3315,255,0,0
436,901,3320,255,0,0
436,901,3325,255,0,0
436,901,3330,255,0,0
436,901,3335,255,0,0
436,901,3340,255,0,0
436,901,3345,255,0,0
436,901,3350,255,0,0
436,901,3355,255,0,0
436,901,3360,255,0,0
436,901,3365,255,0,0
436,901,3370,255,0,0
436,901,3375,255,0,0
436,901,3380,255,0,0
436,901,3385,255,0,0
436,901,3390,255,0,0
436,901,3395,255,0,0
436,901,3400,255,0,0
436,901,3405,255,0,0
436,901,3410,255,0,0
436,901,3415,255,0,0
436,901,3420,255,0,0
436,901,3425,255,0,0
436,901,3430,255,0,0
436,901,3435,255,0,0
436,901,3440,255,0,0
436,901,3445,255,0,0
436,901,3450,255,0,0
436,901,3455,255,0,0
436,901,3460,255,0,0
436,901,3465,255,0,0
436,901,3470,255,0,0
436,901,3475,255,0,0
436,901,3480,255,0,0
436,901,3485,255,0,0
436,901,3490,255,0,0
436,901,3495,255,0,0
